                                     [38;2;40;45;55m@[38;2;40;45;55m@[38;2;40;45;55m@[38;2;40;45;55m@[38;2;40;45;55m@[38;2;40;45;55m@[38;2;40;45;55m@[38;2;40;45;55m@[38;2;40;45;55m@[38;2;40;45;55m@[38;2;40;45;55m@[38;2;40;45;55m@[38;2;40;45;55m@[38;2;40;45;55m@[38;2;40;45;55m@[38;2;40;45;55m@[38;2;40;45;55m@[38;2;40;45;55m@[38;2;40;45;55m@[38;2;40;45;55m@[38;2;40;45;55m@[38;2;40;45;55m@[38;2;40;45;55m@[38;2;40;45;55m@[38;2;40;45;55m@[38;2;40;45;55m@[38;2;40;45;55m@                                    
                                [38;2;40;45;55m@[38;2;40;45;55m@[38;2;40;45;55m@[38;2;40;45;55m@[38;2;40;45;55m@[38;2;40;45;55m@[38;2;40;45;55m@[38;2;40;45;55m@[38;2;40;45;55m@[38;2;40;45;55m@[38;2;40;45;55m@[38;2;40;45;55m@[38;2;40;45;55m@[38;2;40;45;55m@[38;2;40;45;55m@[38;2;40;45;55m@[38;2;40;45;55m@[38;2;40;45;55m@[38;2;40;45;55m@[38;2;40;45;55m@[38;2;40;45;55m@[38;2;40;45;55m@[38;2;40;45;55m@[38;2;40;45;55m@[38;2;40;45;55m@[38;2;40;45;55m@[38;2;40;45;55m@[38;2;40;45;55m@[38;2;40;45;55m@[38;2;40;45;55m@[38;2;40;45;55m@[38;2;40;45;55m@[38;2;40;45;55m@[38;2;40;45;55m@[38;2;40;45;55m@[38;2;40;45;55m@[38;2;40;45;55m@[38;2;40;45;55m@                              
                            [38;2;40;45;55m@[38;2;40;45;55m@[38;2;40;45;55m@[38;2;40;45;55m@[38;2;40;45;55m@[38;2;40;45;55m@[38;2;40;45;55m@[38;2;40;45;55m@[38;2;40;45;55m@[38;2;40;45;55m@[38;2;40;45;55m@[38;2;40;45;55m@[38;2;40;45;55m@[38;2;40;45;55m@[38;2;40;45;55m@[38;2;40;45;55m@[38;2;40;45;55m@[38;2;40;45;55m@[38;2;40;45;55m@[38;2;40;45;55m@[38;2;40;45;55m@[38;2;40;45;55m@[38;2;40;45;55m@[38;2;40;45;55m@[38;2;40;45;55m@[38;2;40;45;55m@[38;2;40;45;55m@[38;2;40;45;55m@[38;2;40;45;55m@[38;2;40;45;55m@[38;2;40;45;55m@[38;2;40;45;55m@[38;2;40;45;55m@[38;2;40;45;55m@[38;2;40;45;55m@[38;2;40;45;55m@[38;2;40;45;55m@[38;2;40;45;55m@[38;2;40;45;55m@[38;2;40;45;55m@[38;2;40;45;55m@[38;2;40;45;55m@[38;2;40;45;55m@[38;2;40;45;55m@[38;2;40;45;55m@                           
                         [38;2;40;45;55m@[38;2;40;45;55m@[38;2;40;45;55m@[38;2;40;45;55m@[38;2;40;45;55m@[38;2;40;45;55m@[38;2;40;45;55m@[38;2;40;45;55m@[38;2;40;45;55m@[38;2;40;45;55m@[38;2;40;45;55m@[38;2;40;45;55m@[38;2;40;45;55m@[38;2;40;45;55m@[38;2;40;45;55m@[38;2;40;45;55m@[38;2;40;45;55m@[38;2;40;45;55m@[38;2;40;45;55m@[38;2;40;45;55m@[38;2;40;45;55m@[38;2;40;45;55m@[38;2;40;45;55m@[38;2;40;45;55m@[38;2;40;45;55m@[38;2;40;45;55m@[38;2;40;45;55m@[38;2;40;45;55m@[38;2;40;45;55m@[38;2;40;45;55m@[38;2;40;45;55m@[38;2;40;45;55m@[38;2;40;45;55m@[38;2;40;45;55m@[38;2;40;45;55m@[38;2;40;45;55m@[38;2;40;45;55m@[38;2;40;45;55m@[38;2;40;45;55m@[38;2;40;45;55m@[38;2;40;45;55m@[38;2;40;45;55m@[38;2;40;45;55m@[38;2;40;45;55m@[38;2;40;45;55m@[38;2;40;45;55m@[38;2;40;45;55m@[38;2;40;45;55m@[38;2;40;45;55m@[38;2;40;45;55m@[38;2;40;45;55m@[38;2;40;45;55m@                       
                      [38;2;40;45;55m@[38;2;40;45;55m@[38;2;40;45;55m@[38;2;40;45;55m@[38;2;40;45;55m@[38;2;40;45;55m@[38;2;40;45;55m@[38;2;40;45;55m@[38;2;40;45;55m@[38;2;40;45;55m@[38;2;40;45;55m@[38;2;40;45;55m@[38;2;40;45;55m@[38;2;40;45;55m@[38;2;40;45;55m@[38;2;40;45;55m@[38;2;40;45;55m@[38;2;40;45;55m@[38;2;40;45;55m@[38;2;40;45;55m@[38;2;40;45;55m@[38;2;40;45;55m@[38;2;40;45;55m@[38;2;40;45;55m@[38;2;40;45;55m@[38;2;40;45;55m@[38;2;40;45;55m@[38;2;40;45;55m@[38;2;40;45;55m@[38;2;40;45;55m@[38;2;40;45;55m@[38;2;40;45;55m@[38;2;90;105;135m%[38;2;90;105;135m%[38;2;90;105;135m%[38;2;90;105;135m%[38;2;90;105;135m%[38;2;90;105;135m%[38;2;90;105;135m%[38;2;90;105;135m%[38;2;90;105;135m%[38;2;90;105;135m%[38;2;90;105;135m%[38;2;90;105;135m%[38;2;90;105;135m%[38;2;90;105;135m%[38;2;90;105;135m%[38;2;90;105;135m%[38;2;40;45;55m@[38;2;40;45;55m@[38;2;40;45;55m@[38;2;40;45;55m@[38;2;40;45;55m@[38;2;40;45;55m@[38;2;40;45;55m@[38;2;40;45;55m@[38;2;40;45;55m@[38;2;40;45;55m@                    
                    [38;2;40;45;55m@[38;2;40;45;55m@[38;2;40;45;55m@[38;2;40;45;55m@[38;2;40;45;55m@[38;2;40;45;55m@[38;2;40;45;55m@[38;2;40;45;55m@[38;2;40;45;55m@[38;2;40;45;55m@[38;2;40;45;55m@[38;2;40;45;55m@[38;2;40;45;55m@[38;2;40;45;55m@[38;2;40;45;55m@[38;2;40;45;55m@[38;2;40;45;55m@[38;2;40;45;55m@[38;2;40;45;55m@[38;2;40;45;55m@[38;2;40;45;55m@[38;2;40;45;55m@[38;2;40;45;55m@[38;2;40;45;55m@[38;2;40;45;55m@[38;2;40;45;55m@[38;2;40;45;55m@[38;2;90;105;135m%[38;2;90;105;135m%[38;2;90;105;135m%[38;2;90;105;135m%[38;2;90;105;135m%[38;2;90;105;135m%[38;2;90;105;135m%[38;2;90;105;135m%[38;2;90;105;135m%[38;2;90;105;135m%[38;2;90;105;135m%[38;2;90;105;135m%[38;2;90;105;135m%[38;2;90;105;135m%[38;2;90;105;135m%[38;2;90;105;135m%[38;2;90;105;135m%[38;2;90;105;135m%[38;2;90;105;135m%[38;2;90;105;135m%[38;2;90;105;135m%[38;2;90;105;135m%[38;2;90;105;135m%[38;2;90;105;135m%[38;2;90;105;135m%[38;2;90;105;135m%[38;2;90;105;135m%[38;2;90;105;135m%[38;2;90;105;135m%[38;2;40;45;55m@[38;2;40;45;55m@[38;2;40;45;55m@[38;2;40;45;55m@[38;2;40;45;55m@[38;2;40;45;55m@                  
                 [38;2;40;45;55m@[38;2;40;45;55m@[38;2;40;45;55m@[38;2;40;45;55m@[38;2;40;45;55m@[38;2;40;45;55m@[38;2;40;45;55m@[38;2;40;45;55m@[38;2;40;45;55m@[38;2;40;45;55m@[38;2;40;45;55m@[38;2;40;45;55m@[38;2;40;45;55m@[38;2;40;45;55m@[38;2;40;45;55m@[38;2;40;45;55m@[38;2;40;45;55m@[38;2;40;45;55m@[38;2;40;45;55m@[38;2;40;45;55m@[38;2;40;45;55m@[38;2;40;45;55m@[38;2;40;45;55m@[38;2;40;45;55m@[38;2;40;45;55m@[38;2;40;45;55m@[38;2;90;105;135m%[38;2;90;105;135m%[38;2;90;105;135m%[38;2;90;105;135m%[38;2;90;105;135m%[38;2;90;105;135m%[38;2;90;105;135m%[38;2;90;105;135m%[38;2;90;105;135m%[38;2;90;105;135m%[38;2;90;105;135m%[38;2;90;105;135m%[38;2;90;105;135m%[38;2;90;105;135m%[38;2;90;105;135m%[38;2;90;105;135m%[38;2;90;105;135m%[38;2;90;105;135m%[38;2;90;105;135m%[38;2;90;105;135m%[38;2;90;105;135m%[38;2;90;105;135m%[38;2;90;105;135m%[38;2;90;105;135m%[38;2;90;105;135m%[38;2;90;105;135m%[38;2;90;105;135m%[38;2;90;105;135m%[38;2;90;105;135m%[38;2;90;105;135m%[38;2;90;105;135m%[38;2;90;105;135m%[38;2;90;105;135m%[38;2;90;105;135m%[38;2;90;105;135m%[38;2;90;105;135m%[38;2;90;105;135m%[38;2;40;45;55m@[38;2;40;45;55m@[38;2;40;45;55m@[38;2;40;45;55m@                
               [38;2;40;45;55m@[38;2;40;45;55m@[38;2;40;45;55m@[38;2;40;45;55m@[38;2;40;45;55m@[38;2;40;45;55m@[38;2;40;45;55m@[38;2;40;45;55m@[38;2;40;45;55m@[38;2;40;45;55m@[38;2;40;45;55m@[38;2;40;45;55m@[38;2;40;45;55m@[38;2;40;45;55m@[38;2;40;45;55m@[38;2;40;45;55m@[38;2;40;45;55m@[38;2;40;45;55m@[38;2;40;45;55m@[38;2;40;45;55m@[38;2;40;45;55m@[38;2;40;45;55m@[38;2;40;45;55m@[38;2;40;45;55m@[38;2;40;45;55m@[38;2;90;105;135m%[38;2;90;105;135m%[38;2;90;105;135m%[38;2;90;105;135m%[38;2;90;105;135m%[38;2;90;105;135m%[38;2;90;105;135m%[38;2;90;105;135m%[38;2;90;105;135m%[38;2;90;105;135m%[38;2;90;105;135m%[38;2;90;105;135m%[38;2;90;105;135m%[38;2;90;105;135m%[38;2;90;105;135m%[38;2;90;105;135m%[38;2;90;105;135m%[38;2;90;105;135m%[38;2;90;105;135m%[38;2;90;105;135m%[38;2;90;105;135m%[38;2;90;105;135m%[38;2;90;105;135m%[38;2;90;105;135m%[38;2;90;105;135m%[38;2;90;105;135m%[38;2;90;105;135m%[38;2;90;105;135m%[38;2;90;105;135m%[38;2;90;105;135m%[38;2;90;105;135m%[38;2;90;105;135m%[38;2;90;105;135m%[38;2;90;105;135m%[38;2;90;105;135m%[38;2;90;105;135m%[38;2;90;105;135m%[38;2;90;105;135m%[38;2;90;105;135m%[38;2;90;105;135m%[38;2;90;105;135m%[38;2;90;105;135m%[38;2;90;105;135m%[38;2;40;45;55m@[38;2;40;45;55m@[38;2;40;45;55m@              
             [38;2;40;45;55m@[38;2;40;45;55m@[38;2;40;45;55m@[38;2;40;45;55m@[38;2;40;45;55m@[38;2;40;45;55m@[38;2;40;45;55m@[38;2;40;45;55m@[38;2;40;45;55m@[38;2;40;45;55m@[38;2;40;45;55m@[38;2;40;45;55m@[38;2;40;45;55m@[38;2;40;45;55m@[38;2;40;45;55m@[38;2;40;45;55m@[38;2;40;45;55m@[38;2;40;45;55m@[38;2;40;45;55m@[38;2;40;45;55m@[38;2;40;45;55m@[38;2;40;45;55m@[38;2;40;45;55m@[38;2;40;45;55m@[38;2;40;45;55m@[38;2;90;105;135m%[38;2;90;105;135m%[38;2;90;105;135m%[38;2;90;105;135m%[38;2;90;105;135m%[38;2;90;105;135m%[38;2;90;105;135m%[38;2;90;105;135m%[38;2;90;105;135m%[38;2;90;105;135m%[38;2;90;105;135m%[38;2;90;105;135m%[38;2;90;105;135m%[38;2;90;105;135m%[38;2;90;105;135m%[38;2;90;105;135m%[38;2;90;105;135m%[38;2;90;105;135m%[38;2;90;105;135m%[38;2;90;105;135m%[38;2;90;105;135m%[38;2;90;105;135m%[38;2;90;105;135m%[38;2;90;105;135m%[38;2;90;105;135m%[38;2;90;105;135m%[38;2;90;105;135m%[38;2;90;105;135m%[38;2;90;105;135m%[38;2;90;105;135m%[38;2;90;105;135m%[38;2;90;105;135m%[38;2;90;105;135m%[38;2;90;105;135m%[38;2;90;105;135m%[38;2;90;105;135m%[38;2;90;105;135m%[38;2;90;105;135m%[38;2;90;105;135m%[38;2;90;105;135m%[38;2;90;105;135m%[38;2;90;105;135m%[38;2;90;105;135m%[38;2;90;105;135m%[38;2;90;105;135m%[38;2;90;105;135m%[38;2;90;105;135m%[38;2;90;105;135m%[38;2;40;45;55m@[38;2;40;45;55m@[38;2;40;45;55m@           
            [38;2;40;45;55m@[38;2;40;45;55m@[38;2;40;45;55m@[38;2;40;45;55m@[38;2;40;45;55m@[38;2;40;45;55m@[38;2;40;45;55m@[38;2;40;45;55m@[38;2;40;45;55m@[38;2;40;45;55m@[38;2;40;45;55m@[38;2;40;45;55m@[38;2;40;45;55m@[38;2;40;45;55m@[38;2;40;45;55m@[38;2;40;45;55m@[38;2;40;45;55m@[38;2;40;45;55m@[38;2;40;45;55m@[38;2;40;45;55m@[38;2;40;45;55m@[38;2;40;45;55m@[38;2;40;45;55m@[38;2;90;105;135m%[38;2;90;105;135m%[38;2;90;105;135m%[38;2;90;105;135m%[38;2;90;105;135m%[38;2;90;105;135m%[38;2;90;105;135m%[38;2;90;105;135m%[38;2;90;105;135m%[38;2;90;105;135m%[38;2;90;105;135m%[38;2;90;105;135m%[38;2;90;105;135m%[38;2;90;105;135m%[38;2;90;105;135m%[38;2;90;105;135m%[38;2;90;105;135m%[38;2;90;105;135m%[38;2;90;105;135m%[38;2;90;105;135m%[38;2;90;105;135m%[38;2;90;105;135m%[38;2;90;105;135m%[38;2;90;105;135m%[38;2;90;105;135m%[38;2;90;105;135m%[38;2;90;105;135m%[38;2;90;105;135m%[38;2;90;105;135m%[38;2;90;105;135m%[38;2;90;105;135m%[38;2;90;105;135m%[38;2;90;105;135m%[38;2;90;105;135m%[38;2;90;105;135m%[38;2;90;105;135m%[38;2;90;105;135m%[38;2;90;105;135m%[38;2;90;105;135m%[38;2;90;105;135m%[38;2;90;105;135m%[38;2;90;105;135m%[38;2;90;105;135m%[38;2;90;105;135m%[38;2;90;105;135m%[38;2;90;105;135m%[38;2;90;105;135m%[38;2;90;105;135m%[38;2;90;105;135m%[38;2;90;105;135m%[38;2;90;105;135m%[38;2;90;105;135m%[38;2;40;45;55m@[38;2;40;45;55m@[38;2;40;45;55m@          
          [38;2;40;45;55m@[38;2;40;45;55m@[38;2;40;45;55m@[38;2;40;45;55m@[38;2;40;45;55m@[38;2;40;45;55m@[38;2;40;45;55m@[38;2;40;45;55m@[38;2;40;45;55m@[38;2;40;45;55m@[38;2;40;45;55m@[38;2;40;45;55m@[38;2;40;45;55m@[38;2;40;45;55m@[38;2;40;45;55m@[38;2;40;45;55m@[38;2;40;45;55m@[38;2;40;45;55m@[38;2;40;45;55m@[38;2;40;45;55m@[38;2;40;45;55m@[38;2;40;45;55m@[38;2;40;45;55m@[38;2;90;105;135m%[38;2;90;105;135m%[38;2;90;105;135m%[38;2;90;105;135m%[38;2;90;105;135m%[38;2;90;105;135m%[38;2;90;105;135m%[38;2;90;105;135m%[38;2;90;105;135m%[38;2;90;105;135m%[38;2;90;105;135m%[38;2;90;105;135m%[38;2;90;105;135m%[38;2;90;105;135m%[38;2;90;105;135m%[38;2;90;105;135m%[38;2;90;105;135m%[38;2;90;105;135m%[38;2;90;105;135m%[38;2;90;105;135m%[38;2;90;105;135m%[38;2;90;105;135m%[38;2;90;105;135m%[38;2;90;105;135m%[38;2;90;105;135m%[38;2;90;105;135m%[38;2;90;105;135m%[38;2;90;105;135m%[38;2;90;105;135m%[38;2;90;105;135m%[38;2;90;105;135m%[38;2;90;105;135m%[38;2;90;105;135m%[38;2;90;105;135m%[38;2;90;105;135m%[38;2;90;105;135m%[38;2;90;105;135m%[38;2;90;105;135m%[38;2;90;105;135m%[38;2;90;105;135m%[38;2;90;105;135m%[38;2;90;105;135m%[38;2;90;105;135m%[38;2;90;105;135m%[38;2;90;105;135m%[38;2;90;105;135m%[38;2;90;105;135m%[38;2;90;105;135m%[38;2;90;105;135m%[38;2;90;105;135m%[38;2;90;105;135m%[38;2;90;105;135m%[38;2;90;105;135m%[38;2;90;105;135m%[38;2;90;105;135m%[38;2;90;105;135m% [38;2;90;105;135m%[38;2;90;105;135m%        
         [38;2;40;45;55m@[38;2;40;45;55m@[38;2;40;45;55m@[38;2;40;45;55m@[38;2;40;45;55m@[38;2;40;45;55m@[38;2;40;45;55m@[38;2;40;45;55m@[38;2;40;45;55m@[38;2;40;45;55m@[38;2;40;45;55m@[38;2;40;45;55m@[38;2;40;45;55m@[38;2;40;45;55m@[38;2;40;45;55m@[38;2;40;45;55m@[38;2;40;45;55m@[38;2;40;45;55m@[38;2;40;45;55m@[38;2;40;45;55m@[38;2;40;45;55m@[38;2;40;45;55m@[38;2;90;105;135m%[38;2;90;105;135m%[38;2;90;105;135m%[38;2;90;105;135m%[38;2;90;105;135m%[38;2;90;105;135m%[38;2;90;105;135m%[38;2;90;105;135m%[38;2;90;105;135m%[38;2;90;105;135m%[38;2;90;105;135m%[38;2;90;105;135m%[38;2;90;105;135m%[38;2;90;105;135m%[38;2;90;105;135m%[38;2;90;105;135m%[38;2;90;105;135m%[38;2;90;105;135m%[38;2;90;105;135m%[38;2;90;105;135m%[38;2;90;105;135m%[38;2;90;105;135m%[38;2;90;105;135m%[38;2;90;105;135m%[38;2;90;105;135m%[38;2;90;105;135m%[38;2;90;105;135m%[38;2;90;105;135m%[38;2;90;105;135m%[38;2;90;105;135m%[38;2;90;105;135m%[38;2;90;105;135m%[38;2;90;105;135m%[38;2;90;105;135m%[38;2;90;105;135m%[38;2;90;105;135m%[38;2;90;105;135m%[38;2;90;105;135m%[38;2;90;105;135m%[38;2;90;105;135m%[38;2;90;105;135m%[38;2;90;105;135m%[38;2;90;105;135m%[38;2;90;105;135m%[38;2;90;105;135m%[38;2;90;105;135m%[38;2;90;105;135m%[38;2;90;105;135m%[38;2;90;105;135m%[38;2;90;105;135m%[38;2;90;105;135m%[38;2;90;105;135m%[38;2;90;105;135m%[38;2;90;105;135m%[38;2;90;105;135m%[38;2;90;105;135m%[38;2;90;105;135m%[38;2;90;105;135m%[38;2;90;105;135m%          
        [38;2;40;45;55m@[38;2;40;45;55m@[38;2;40;45;55m@[38;2;40;45;55m@[38;2;40;45;55m@[38;2;40;45;55m@[38;2;40;45;55m@[38;2;40;45;55m@[38;2;40;45;55m@[38;2;40;45;55m@[38;2;40;45;55m@[38;2;40;45;55m@[38;2;40;45;55m@[38;2;40;45;55m@[38;2;40;45;55m@[38;2;40;45;55m@[38;2;40;45;55m@[38;2;40;45;55m@[38;2;40;45;55m@[38;2;40;45;55m@[38;2;40;45;55m@[38;2;40;45;55m@[38;2;90;105;135m%[38;2;90;105;135m%[38;2;90;105;135m%[38;2;90;105;135m%[38;2;90;105;135m%[38;2;90;105;135m%[38;2;90;105;135m%[38;2;90;105;135m%[38;2;90;105;135m%[38;2;90;105;135m%[38;2;90;105;135m%[38;2;90;105;135m%[38;2;90;105;135m%[38;2;90;105;135m%[38;2;90;105;135m%[38;2;90;105;135m%[38;2;90;105;135m%[38;2;90;105;135m%[38;2;90;105;135m%[38;2;90;105;135m%[38;2;90;105;135m%[38;2;90;105;135m%[38;2;90;105;135m%[38;2;90;105;135m%[38;2;90;105;135m%[38;2;90;105;135m%[38;2;90;105;135m%[38;2;90;105;135m%[38;2;90;105;135m%[38;2;90;105;135m%[38;2;90;105;135m%[38;2;90;105;135m%[38;2;90;105;135m%[38;2;90;105;135m%[38;2;90;105;135m%[38;2;90;105;135m%[38;2;90;105;135m%[38;2;90;105;135m%[38;2;90;105;135m%[38;2;90;105;135m%[38;2;90;105;135m%[38;2;90;105;135m%[38;2;90;105;135m%[38;2;90;105;135m%[38;2;90;105;135m%[38;2;90;105;135m%[38;2;90;105;135m%[38;2;90;105;135m%[38;2;90;105;135m%[38;2;90;105;135m%[38;2;90;105;135m%[38;2;90;105;135m%[38;2;90;105;135m%[38;2;90;105;135m%[38;2;90;105;135m%[38;2;90;105;135m%[38;2;90;105;135m%[38;2;90;105;135m%[38;2;90;105;135m%[38;2;90;105;135m%[38;2;90;105;135m%         
      [38;2;40;45;55m@[38;2;40;45;55m@[38;2;40;45;55m@[38;2;40;45;55m@[38;2;40;45;55m@[38;2;40;45;55m@[38;2;40;45;55m@[38;2;40;45;55m@[38;2;40;45;55m@[38;2;40;45;55m@[38;2;40;45;55m@[38;2;40;45;55m@[38;2;40;45;55m@[38;2;40;45;55m@[38;2;40;45;55m@[38;2;40;45;55m@[38;2;40;45;55m@[38;2;40;45;55m@[38;2;40;45;55m@[38;2;40;45;55m@[38;2;40;45;55m@[38;2;40;45;55m@[38;2;90;105;135m%[38;2;90;105;135m%[38;2;90;105;135m%[38;2;90;105;135m%[38;2;90;105;135m%[38;2;90;105;135m%[38;2;90;105;135m%[38;2;90;105;135m%[38;2;90;105;135m%[38;2;90;105;135m%[38;2;90;105;135m%[38;2;90;105;135m%[38;2;90;105;135m%[38;2;90;105;135m%[38;2;90;105;135m%[38;2;90;105;135m%[38;2;90;105;135m%[38;2;90;105;135m%[38;2;90;105;135m%[38;2;90;105;135m%[38;2;90;105;135m%[38;2;90;105;135m%[38;2;90;105;135m%[38;2;90;105;135m%[38;2;90;105;135m%[38;2;90;105;135m%[38;2;90;105;135m%[38;2;90;105;135m%[38;2;90;105;135m%[38;2;90;105;135m%[38;2;90;105;135m%[38;2;90;105;135m%[38;2;90;105;135m%[38;2;90;105;135m%[38;2;90;105;135m%[38;2;90;105;135m%[38;2;90;105;135m%[38;2;90;105;135m%[38;2;90;105;135m%[38;2;90;105;135m%[38;2;90;105;135m%[38;2;90;105;135m%[38;2;90;105;135m%[38;2;90;105;135m%[38;2;90;105;135m%[38;2;90;105;135m%[38;2;90;105;135m%[38;2;90;105;135m%[38;2;90;105;135m%[38;2;90;105;135m%[38;2;90;105;135m%[38;2;90;105;135m%[38;2;90;105;135m%[38;2;90;105;135m%[38;2;90;105;135m%[38;2;90;105;135m%[38;2;90;105;135m%[38;2;90;105;135m%[38;2;90;105;135m%[38;2;90;105;135m%[38;2;90;105;135m%[38;2;90;105;135m%[38;2;90;105;135m%[38;2;90;105;135m%[38;2;90;105;135m%       
     [38;2;40;45;55m@[38;2;40;45;55m@[38;2;40;45;55m@[38;2;40;45;55m@[38;2;40;45;55m@[38;2;40;45;55m@[38;2;40;45;55m@[38;2;40;45;55m@[38;2;40;45;55m@[38;2;40;45;55m@[38;2;40;45;55m@[38;2;40;45;55m@[38;2;40;45;55m@[38;2;40;45;55m@[38;2;40;45;55m@[38;2;40;45;55m@[38;2;40;45;55m@[38;2;40;45;55m@[38;2;40;45;55m@[38;2;40;45;55m@[38;2;40;45;55m@[38;2;40;45;55m@[38;2;90;105;135m%[38;2;90;105;135m%[38;2;90;105;135m%[38;2;90;105;135m%[38;2;90;105;135m%[38;2;90;105;135m%[38;2;90;105;135m%[38;2;90;105;135m%[38;2;90;105;135m%[38;2;90;105;135m%[38;2;90;105;135m%[38;2;90;105;135m%[38;2;90;105;135m%[38;2;90;105;135m%[38;2;90;105;135m%[38;2;90;105;135m%[38;2;90;105;135m%[38;2;90;105;135m%[38;2;90;105;135m%[38;2;90;105;135m%[38;2;90;105;135m%[38;2;90;105;135m%[38;2;90;105;135m%[38;2;90;105;135m%[38;2;90;105;135m%[38;2;90;105;135m%[38;2;90;105;135m%[38;2;90;105;135m%[38;2;90;105;135m%[38;2;90;105;135m%[38;2;90;105;135m%[38;2;90;105;135m%[38;2;90;105;135m%[38;2;90;105;135m%[38;2;90;105;135m%[38;2;90;105;135m%[38;2;90;105;135m%[38;2;90;105;135m%[38;2;90;105;135m%[38;2;90;105;135m%[38;2;90;105;135m%[38;2;90;105;135m%[38;2;90;105;135m%[38;2;90;105;135m%[38;2;90;105;135m%[38;2;90;105;135m%[38;2;90;105;135m%[38;2;90;105;135m%[38;2;90;105;135m%[38;2;90;105;135m%[38;2;90;105;135m%[38;2;90;105;135m%[38;2;90;105;135m%[38;2;90;105;135m%[38;2;90;105;135m%[38;2;90;105;135m%[38;2;90;105;135m%[38;2;90;105;135m%[38;2;90;105;135m%[38;2;90;105;135m%[38;2;90;105;135m%[38;2;90;105;135m%[38;2;90;105;135m%[38;2;90;105;135m%[38;2;90;105;135m%[38;2;90;105;135m%[38;2;90;105;135m%      
     [38;2;40;45;55m@[38;2;40;45;55m@[38;2;40;45;55m@[38;2;40;45;55m@[38;2;40;45;55m@[38;2;40;45;55m@[38;2;40;45;55m@[38;2;40;45;55m@[38;2;40;45;55m@[38;2;40;45;55m@[38;2;40;45;55m@[38;2;40;45;55m@[38;2;40;45;55m@[38;2;40;45;55m@[38;2;40;45;55m@[38;2;40;45;55m@[38;2;40;45;55m@[38;2;40;45;55m@[38;2;40;45;55m@[38;2;40;45;55m@[38;2;40;45;55m@[38;2;90;105;135m%[38;2;90;105;135m%[38;2;90;105;135m%[38;2;90;105;135m%[38;2;90;105;135m%[38;2;90;105;135m%[38;2;90;105;135m%[38;2;90;105;135m%[38;2;90;105;135m%[38;2;90;105;135m%[38;2;90;105;135m%[38;2;90;105;135m%[38;2;90;105;135m%[38;2;90;105;135m%[38;2;90;105;135m%[38;2;90;105;135m%[38;2;90;105;135m%[38;2;90;105;135m%[38;2;90;105;135m%[38;2;90;105;135m%[38;2;90;105;135m%[38;2;90;105;135m%[38;2;90;105;135m%[38;2;90;105;135m%[38;2;90;105;135m%[38;2;90;105;135m%[38;2;90;105;135m%[38;2;90;105;135m%[38;2;90;105;135m%[38;2;90;105;135m%[38;2;90;105;135m%[38;2;90;105;135m%[38;2;90;105;135m%[38;2;90;105;135m%[38;2;90;105;135m%[38;2;90;105;135m%[38;2;90;105;135m%[38;2;90;105;135m%[38;2;90;105;135m%[38;2;90;105;135m%[38;2;90;105;135m%[38;2;90;105;135m%[38;2;90;105;135m%[38;2;90;105;135m%[38;2;90;105;135m%[38;2;90;105;135m%[38;2;90;105;135m%[38;2;90;105;135m%[38;2;90;105;135m%[38;2;90;105;135m%[38;2;90;105;135m%[38;2;90;105;135m%[38;2;90;105;135m%[38;2;90;105;135m%[38;2;90;105;135m%[38;2;90;105;135m%[38;2;90;105;135m%[38;2;90;105;135m%[38;2;90;105;135m%[38;2;90;105;135m%[38;2;90;105;135m%[38;2;90;105;135m%[38;2;90;105;135m%[38;2;90;105;135m%[38;2;90;105;135m%[38;2;90;105;135m%[38;2;90;105;135m%[38;2;90;105;135m%[38;2;90;105;135m%     
    [38;2;40;45;55m@[38;2;40;45;55m@[38;2;40;45;55m@[38;2;40;45;55m@[38;2;40;45;55m@[38;2;40;45;55m@[38;2;40;45;55m@[38;2;40;45;55m@[38;2;40;45;55m@[38;2;40;45;55m@[38;2;40;45;55m@[38;2;40;45;55m@[38;2;40;45;55m@[38;2;40;45;55m@[38;2;40;45;55m@[38;2;40;45;55m@[38;2;40;45;55m@[38;2;40;45;55m@[38;2;40;45;55m@[38;2;40;45;55m@[38;2;40;45;55m@[38;2;90;105;135m%[38;2;90;105;135m%[38;2;90;105;135m%[38;2;90;105;135m%[38;2;90;105;135m%[38;2;90;105;135m%[38;2;90;105;135m%[38;2;90;105;135m%[38;2;90;105;135m%[38;2;90;105;135m%[38;2;90;105;135m%[38;2;90;105;135m%[38;2;90;105;135m%[38;2;90;105;135m%[38;2;90;105;135m%[38;2;90;105;135m%[38;2;90;105;135m%[38;2;90;105;135m%[38;2;90;105;135m%[38;2;90;105;135m%[38;2;90;105;135m%[38;2;90;105;135m%[38;2;90;105;135m%[38;2;90;105;135m%[38;2;90;105;135m%[38;2;90;105;135m%[38;2;90;105;135m%[38;2;90;105;135m%[38;2;90;105;135m%[38;2;90;105;135m%[38;2;90;105;135m%[38;2;90;105;135m%[38;2;90;105;135m%[38;2;90;105;135m%[38;2;90;105;135m%[38;2;90;105;135m%[38;2;90;105;135m%[38;2;90;105;135m%[38;2;90;105;135m%[38;2;90;105;135m%[38;2;90;105;135m%[38;2;90;105;135m%[38;2;90;105;135m%[38;2;90;105;135m%[38;2;90;105;135m%[38;2;90;105;135m%[38;2;90;105;135m%[38;2;90;105;135m%[38;2;90;105;135m%[38;2;90;105;135m%[38;2;90;105;135m%[38;2;90;105;135m%[38;2;90;105;135m%[38;2;90;105;135m%[38;2;90;105;135m%[38;2;90;105;135m%[38;2;90;105;135m%[38;2;90;105;135m%[38;2;90;105;135m%[38;2;90;105;135m%[38;2;90;105;135m%[38;2;90;105;135m%[38;2;90;105;135m%[38;2;90;105;135m%[38;2;90;105;135m%[38;2;90;105;135m%[38;2;90;105;135m%[38;2;90;105;135m%[38;2;90;105;135m%[38;2;90;105;135m%[38;2;90;105;135m%    
   [38;2;40;45;55m@[38;2;40;45;55m@[38;2;40;45;55m@[38;2;40;45;55m@[38;2;40;45;55m@[38;2;40;45;55m@[38;2;40;45;55m@[38;2;40;45;55m@[38;2;40;45;55m@[38;2;40;45;55m@[38;2;40;45;55m@[38;2;40;45;55m@[38;2;40;45;55m@[38;2;40;45;55m@[38;2;40;45;55m@[38;2;40;45;55m@[38;2;40;45;55m@[38;2;40;45;55m@[38;2;40;45;55m@[38;2;40;45;55m@[38;2;40;45;55m@[38;2;90;105;135m%[38;2;90;105;135m%[38;2;90;105;135m%[38;2;90;105;135m%[38;2;90;105;135m%[38;2;90;105;135m%[38;2;90;105;135m%[38;2;90;105;135m%[38;2;90;105;135m%[38;2;90;105;135m%[38;2;90;105;135m%[38;2;90;105;135m%[38;2;90;105;135m%[38;2;90;105;135m%[38;2;90;105;135m%[38;2;90;105;135m%[38;2;90;105;135m%[38;2;90;105;135m%[38;2;90;105;135m%[38;2;90;105;135m%[38;2;90;105;135m%[38;2;90;105;135m%[38;2;90;105;135m%[38;2;90;105;135m%[38;2;90;105;135m%[38;2;90;105;135m%[38;2;90;105;135m%[38;2;90;105;135m%[38;2;90;105;135m%[38;2;90;105;135m%[38;2;90;105;135m%[38;2;90;105;135m%[38;2;90;105;135m%[38;2;90;105;135m%[38;2;90;105;135m%[38;2;90;105;135m%[38;2;90;105;135m%[38;2;90;105;135m%[38;2;90;105;135m%[38;2;90;105;135m%[38;2;90;105;135m%[38;2;90;105;135m%[38;2;90;105;135m%[38;2;90;105;135m%[38;2;90;105;135m%[38;2;90;105;135m%[38;2;90;105;135m%[38;2;90;105;135m%[38;2;90;105;135m%[38;2;90;105;135m%[38;2;90;105;135m%[38;2;90;105;135m%[38;2;90;105;135m%[38;2;90;105;135m%[38;2;90;105;135m%[38;2;90;105;135m%[38;2;90;105;135m%[38;2;90;105;135m%[38;2;90;105;135m%[38;2;90;105;135m%[38;2;90;105;135m%[38;2;90;105;135m%[38;2;90;105;135m%[38;2;90;105;135m%[38;2;90;105;135m%[38;2;90;105;135m%[38;2;90;105;135m%[38;2;90;105;135m%[38;2;90;105;135m%[38;2;90;105;135m%[38;2;90;105;135m%[38;2;90;105;135m%[38;2;90;105;135m%   
  [38;2;40;45;55m@[38;2;40;45;55m@[38;2;40;45;55m@[38;2;40;45;55m@[38;2;40;45;55m@[38;2;40;45;55m@[38;2;40;45;55m@[38;2;40;45;55m@[38;2;40;45;55m@[38;2;40;45;55m@[38;2;40;45;55m@[38;2;40;45;55m@[38;2;40;45;55m@[38;2;40;45;55m@[38;2;40;45;55m@[38;2;40;45;55m@[38;2;40;45;55m@[38;2;40;45;55m@[38;2;40;45;55m@[38;2;40;45;55m@[38;2;40;45;55m@[38;2;90;105;135m%[38;2;90;105;135m%[38;2;90;105;135m%[38;2;90;105;135m%[38;2;90;105;135m%[38;2;90;105;135m%[38;2;90;105;135m%[38;2;90;105;135m%[38;2;90;105;135m%[38;2;90;105;135m%[38;2;90;105;135m%[38;2;90;105;135m%[38;2;90;105;135m%[38;2;90;105;135m%[38;2;90;105;135m%[38;2;90;105;135m%[38;2;90;105;135m%[38;2;90;105;135m%[38;2;90;105;135m%[38;2;90;105;135m%[38;2;90;105;135m%[38;2;90;105;135m%[38;2;90;105;135m%[38;2;90;105;135m%[38;2;90;105;135m%[38;2;90;105;135m%[38;2;90;105;135m%[38;2;90;105;135m%[38;2;90;105;135m%[38;2;90;105;135m%[38;2;90;105;135m%[38;2;90;105;135m%[38;2;90;105;135m%[38;2;90;105;135m%[38;2;90;105;135m%[38;2;90;105;135m%[38;2;90;105;135m%[38;2;90;105;135m%[38;2;90;105;135m%[38;2;90;105;135m%[38;2;90;105;135m%[38;2;90;105;135m%[38;2;90;105;135m%[38;2;90;105;135m%[38;2;90;105;135m%[38;2;90;105;135m%[38;2;90;105;135m%[38;2;90;105;135m%[38;2;90;105;135m%[38;2;90;105;135m%[38;2;90;105;135m%[38;2;90;105;135m%[38;2;90;105;135m%[38;2;90;105;135m%[38;2;90;105;135m%[38;2;90;105;135m%[38;2;90;105;135m%[38;2;90;105;135m%[38;2;90;105;135m%[38;2;90;105;135m%[38;2;90;105;135m%[38;2;90;105;135m%[38;2;90;105;135m%[38;2;90;105;135m%[38;2;90;105;135m%[38;2;90;105;135m%[38;2;90;105;135m%[38;2;90;105;135m%[38;2;90;105;135m%[38;2;90;105;135m%[38;2;90;105;135m%[38;2;90;105;135m%[38;2;90;105;135m%[38;2;90;105;135m%[38;2;90;105;135m%  
 [38;2;40;45;55m@[38;2;40;45;55m@[38;2;40;45;55m@[38;2;40;45;55m@[38;2;40;45;55m@[38;2;40;45;55m@[38;2;40;45;55m@[38;2;40;45;55m@[38;2;40;45;55m@[38;2;40;45;55m@[38;2;40;45;55m@[38;2;40;45;55m@[38;2;40;45;55m@[38;2;40;45;55m@[38;2;40;45;55m@[38;2;40;45;55m@[38;2;40;45;55m@[38;2;40;45;55m@[38;2;40;45;55m@[38;2;40;45;55m@[38;2;40;45;55m@[38;2;90;105;135m%[38;2;90;105;135m%[38;2;90;105;135m%[38;2;90;105;135m%[38;2;90;105;135m%[38;2;90;105;135m%[38;2;90;105;135m%[38;2;90;105;135m%[38;2;90;105;135m%[38;2;90;105;135m%[38;2;90;105;135m%[38;2;90;105;135m%[38;2;90;105;135m%[38;2;90;105;135m%[38;2;90;105;135m%[38;2;90;105;135m%[38;2;90;105;135m%[38;2;90;105;135m%[38;2;90;105;135m%[38;2;90;105;135m%[38;2;90;105;135m%[38;2;90;105;135m%[38;2;90;105;135m%[38;2;90;105;135m%[38;2;90;105;135m%[38;2;90;105;135m%[38;2;90;105;135m%[38;2;90;105;135m%[38;2;90;105;135m%[38;2;90;105;135m%[38;2;90;105;135m%[38;2;90;105;135m%[38;2;90;105;135m%[38;2;90;105;135m%[38;2;90;105;135m%[38;2;90;105;135m%[38;2;90;105;135m%[38;2;90;105;135m%[38;2;90;105;135m%[38;2;90;105;135m%[38;2;90;105;135m%[38;2;90;105;135m%[38;2;90;105;135m%[38;2;90;105;135m%[38;2;90;105;135m%[38;2;90;105;135m%[38;2;90;105;135m%[38;2;90;105;135m%[38;2;90;105;135m%[38;2;90;105;135m%[38;2;90;105;135m%[38;2;90;105;135m%[38;2;90;105;135m%[38;2;90;105;135m%[38;2;90;105;135m%[38;2;90;105;135m%[38;2;90;105;135m%[38;2;90;105;135m%[38;2;90;105;135m%[38;2;90;105;135m%[38;2;90;105;135m%[38;2;90;105;135m%[38;2;90;105;135m%[38;2;90;105;135m%[38;2;90;105;135m%[38;2;90;105;135m%[38;2;90;105;135m%[38;2;90;105;135m%[38;2;90;105;135m%[38;2;90;105;135m%[38;2;90;105;135m%[38;2;90;105;135m%[38;2;90;105;135m%[38;2;90;105;135m%[38;2;90;105;135m%[38;2;90;105;135m%  
 [38;2;40;45;55m@[38;2;40;45;55m@[38;2;40;45;55m@[38;2;40;45;55m@[38;2;40;45;55m@[38;2;40;45;55m@[38;2;40;45;55m@[38;2;40;45;55m@[38;2;40;45;55m@[38;2;40;45;55m@[38;2;40;45;55m@[38;2;40;45;55m@[38;2;40;45;55m@[38;2;40;45;55m@[38;2;40;45;55m@[38;2;40;45;55m@[38;2;40;45;55m@[38;2;40;45;55m@[38;2;40;45;55m@[38;2;40;45;55m@[38;2;40;45;55m@[38;2;90;105;135m%[38;2;90;105;135m%[38;2;90;105;135m%[38;2;90;105;135m%[38;2;90;105;135m%[38;2;90;105;135m%[38;2;90;105;135m%[38;2;90;105;135m%[38;2;90;105;135m%[38;2;90;105;135m%[38;2;90;105;135m%[38;2;90;105;135m%[38;2;90;105;135m%[38;2;90;105;135m%[38;2;90;105;135m%[38;2;90;105;135m%[38;2;90;105;135m%[38;2;90;105;135m%[38;2;90;105;135m%[38;2;90;105;135m%[38;2;90;105;135m%[38;2;90;105;135m%[38;2;90;105;135m%[38;2;90;105;135m%[38;2;90;105;135m%[38;2;90;105;135m%[38;2;90;105;135m%[38;2;90;105;135m%[38;2;90;105;135m%[38;2;90;105;135m%[38;2;90;105;135m%[38;2;90;105;135m%[38;2;90;105;135m%[38;2;90;105;135m%[38;2;90;105;135m%[38;2;90;105;135m%[38;2;90;105;135m%[38;2;90;105;135m%[38;2;90;105;135m%[38;2;90;105;135m%[38;2;90;105;135m%[38;2;90;105;135m%[38;2;90;105;135m%[38;2;90;105;135m%[38;2;90;105;135m%[38;2;90;105;135m%[38;2;90;105;135m%[38;2;90;105;135m%[38;2;90;105;135m%[38;2;90;105;135m%[38;2;90;105;135m%[38;2;90;105;135m%[38;2;90;105;135m%[38;2;90;105;135m%[38;2;90;105;135m%[38;2;90;105;135m%[38;2;90;105;135m%[38;2;90;105;135m%[38;2;90;105;135m%[38;2;90;105;135m%[38;2;90;105;135m%[38;2;90;105;135m%[38;2;90;105;135m%[38;2;90;105;135m%[38;2;90;105;135m%[38;2;90;105;135m%[38;2;90;105;135m%[38;2;90;105;135m%[38;2;90;105;135m%[38;2;90;105;135m%[38;2;90;105;135m%[38;2;90;105;135m%[38;2;90;105;135m%[38;2;90;105;135m%[38;2;90;105;135m%[38;2;90;105;135m%[38;2;120;135;170m# 
 [38;2;40;45;55m@[38;2;40;45;55m@[38;2;40;45;55m@[38;2;40;45;55m@[38;2;40;45;55m@[38;2;40;45;55m@[38;2;40;45;55m@[38;2;40;45;55m@[38;2;40;45;55m@[38;2;40;45;55m@[38;2;40;45;55m@[38;2;40;45;55m@[38;2;40;45;55m@[38;2;40;45;55m@[38;2;40;45;55m@[38;2;40;45;55m@[38;2;40;45;55m@[38;2;40;45;55m@[38;2;40;45;55m@[38;2;40;45;55m@[38;2;90;105;135m%[38;2;90;105;135m%[38;2;90;105;135m%[38;2;90;105;135m%[38;2;90;105;135m%[38;2;90;105;135m%[38;2;90;105;135m%[38;2;90;105;135m%[38;2;90;105;135m%[38;2;90;105;135m%[38;2;90;105;135m%[38;2;90;105;135m%[38;2;90;105;135m%[38;2;90;105;135m%[38;2;90;105;135m%[38;2;90;105;135m%[38;2;90;105;135m%[38;2;90;105;135m%[38;2;90;105;135m%[38;2;90;105;135m%[38;2;90;105;135m%[38;2;90;105;135m%[38;2;90;105;135m%[38;2;90;105;135m%[38;2;90;105;135m%[38;2;90;105;135m%[38;2;90;105;135m%[38;2;90;105;135m%[38;2;90;105;135m%[38;2;90;105;135m%[38;2;90;105;135m%[38;2;90;105;135m%[38;2;90;105;135m%[38;2;90;105;135m%[38;2;90;105;135m%[38;2;90;105;135m%[38;2;90;105;135m%[38;2;90;105;135m%[38;2;90;105;135m%[38;2;90;105;135m%[38;2;90;105;135m%[38;2;90;105;135m%[38;2;90;105;135m%[38;2;90;105;135m%[38;2;90;105;135m%[38;2;90;105;135m%[38;2;90;105;135m%[38;2;90;105;135m%[38;2;90;105;135m%[38;2;90;105;135m%[38;2;90;105;135m%[38;2;90;105;135m%[38;2;90;105;135m%[38;2;90;105;135m%[38;2;90;105;135m%[38;2;90;105;135m%[38;2;90;105;135m%[38;2;90;105;135m%[38;2;90;105;135m%[38;2;90;105;135m%[38;2;90;105;135m%[38;2;90;105;135m%[38;2;90;105;135m%[38;2;90;105;135m%[38;2;90;105;135m%[38;2;90;105;135m%[38;2;90;105;135m%[38;2;90;105;135m%[38;2;90;105;135m%[38;2;90;105;135m%[38;2;90;105;135m%[38;2;90;105;135m%[38;2;90;105;135m%[38;2;90;105;135m%[38;2;90;105;135m%[38;2;90;105;135m%[38;2;90;105;135m%[38;2;90;105;135m% 
 [38;2;40;45;55m@[38;2;40;45;55m@[38;2;40;45;55m@[38;2;40;45;55m@[38;2;40;45;55m@[38;2;40;45;55m@[38;2;40;45;55m@[38;2;40;45;55m@[38;2;40;45;55m@[38;2;40;45;55m@[38;2;40;45;55m@[38;2;40;45;55m@[38;2;40;45;55m@[38;2;40;45;55m@[38;2;40;45;55m@[38;2;40;45;55m@[38;2;40;45;55m@[38;2;40;45;55m@[38;2;40;45;55m@[38;2;40;45;55m@[38;2;90;105;135m%[38;2;90;105;135m%[38;2;90;105;135m%[38;2;90;105;135m%[38;2;90;105;135m%[38;2;90;105;135m%[38;2;90;105;135m%[38;2;90;105;135m%[38;2;90;105;135m%[38;2;90;105;135m%[38;2;90;105;135m%[38;2;90;105;135m%[38;2;90;105;135m%[38;2;90;105;135m%[38;2;90;105;135m%[38;2;90;105;135m%[38;2;90;105;135m%[38;2;90;105;135m%[38;2;90;105;135m%[38;2;90;105;135m%[38;2;90;105;135m%[38;2;90;105;135m%[38;2;90;105;135m%[38;2;90;105;135m%[38;2;90;105;135m%[38;2;90;105;135m%[38;2;90;105;135m%[38;2;90;105;135m%[38;2;90;105;135m%[38;2;90;105;135m%[38;2;90;105;135m%[38;2;90;105;135m%[38;2;90;105;135m%[38;2;90;105;135m%[38;2;90;105;135m%[38;2;90;105;135m%[38;2;90;105;135m%[38;2;90;105;135m%[38;2;90;105;135m%[38;2;90;105;135m%[38;2;90;105;135m%[38;2;90;105;135m%[38;2;90;105;135m%[38;2;90;105;135m%[38;2;90;105;135m%[38;2;90;105;135m%[38;2;90;105;135m%[38;2;90;105;135m%[38;2;90;105;135m%[38;2;90;105;135m%[38;2;90;105;135m%[38;2;90;105;135m%[38;2;90;105;135m%[38;2;90;105;135m%[38;2;90;105;135m%[38;2;90;105;135m%[38;2;90;105;135m%[38;2;90;105;135m%[38;2;90;105;135m%[38;2;90;105;135m%[38;2;90;105;135m%[38;2;90;105;135m%[38;2;90;105;135m%[38;2;90;105;135m%[38;2;90;105;135m%[38;2;90;105;135m%[38;2;90;105;135m%[38;2;90;105;135m%[38;2;90;105;135m%[38;2;90;105;135m%[38;2;90;105;135m%[38;2;90;105;135m%[38;2;90;105;135m%[38;2;90;105;135m%[38;2;90;105;135m%[38;2;90;105;135m%[38;2;90;105;135m%[38;2;90;105;135m%[38;2;90;105;135m%
[38;2;40;45;55m@[38;2;40;45;55m@[38;2;40;45;55m@[38;2;40;45;55m@[38;2;40;45;55m@[38;2;40;45;55m@[38;2;40;45;55m@[38;2;40;45;55m@[38;2;40;45;55m@[38;2;40;45;55m@[38;2;40;45;55m@[38;2;40;45;55m@[38;2;40;45;55m@[38;2;40;45;55m@[38;2;40;45;55m@[38;2;40;45;55m@[38;2;40;45;55m@[38;2;40;45;55m@[38;2;40;45;55m@[38;2;40;45;55m@[38;2;90;105;135m%[38;2;90;105;135m%[38;2;90;105;135m%[38;2;90;105;135m%[38;2;90;105;135m%[38;2;90;105;135m%[38;2;90;105;135m%[38;2;90;105;135m%[38;2;90;105;135m%[38;2;90;105;135m%[38;2;90;105;135m%[38;2;90;105;135m%[38;2;90;105;135m%[38;2;90;105;135m%[38;2;90;105;135m%[38;2;90;105;135m%[38;2;90;105;135m%[38;2;90;105;135m%[38;2;90;105;135m%[38;2;90;105;135m%[38;2;90;105;135m%[38;2;90;105;135m%[38;2;90;105;135m%[38;2;90;105;135m%[38;2;90;105;135m%[38;2;90;105;135m%[38;2;90;105;135m%[38;2;90;105;135m%[38;2;90;105;135m%[38;2;90;105;135m%[38;2;90;105;135m%[38;2;90;105;135m%[38;2;90;105;135m%[38;2;90;105;135m%[38;2;90;105;135m%[38;2;90;105;135m%[38;2;90;105;135m%[38;2;90;105;135m%[38;2;90;105;135m%[38;2;90;105;135m%[38;2;90;105;135m%[38;2;90;105;135m%[38;2;90;105;135m%[38;2;90;105;135m%[38;2;90;105;135m%[38;2;90;105;135m%[38;2;90;105;135m%[38;2;90;105;135m%[38;2;90;105;135m%[38;2;90;105;135m%[38;2;90;105;135m%[38;2;90;105;135m%[38;2;90;105;135m%[38;2;90;105;135m%[38;2;90;105;135m%[38;2;90;105;135m%[38;2;90;105;135m%[38;2;90;105;135m%[38;2;90;105;135m%[38;2;90;105;135m%[38;2;90;105;135m%[38;2;90;105;135m%[38;2;90;105;135m%[38;2;90;105;135m%[38;2;90;105;135m%[38;2;90;105;135m%[38;2;90;105;135m%[38;2;90;105;135m%[38;2;90;105;135m%[38;2;90;105;135m%[38;2;90;105;135m%[38;2;90;105;135m%[38;2;90;105;135m%[38;2;90;105;135m%[38;2;90;105;135m%[38;2;90;105;135m%[38;2;90;105;135m%[38;2;90;105;135m%[38;2;90;105;135m%[38;2;90;105;135m%
[38;2;40;45;55m@[38;2;40;45;55m@[38;2;40;45;55m@[38;2;40;45;55m@[38;2;40;45;55m@[38;2;40;45;55m@[38;2;40;45;55m@[38;2;40;45;55m@[38;2;40;45;55m@[38;2;40;45;55m@[38;2;40;45;55m@[38;2;40;45;55m@[38;2;40;45;55m@[38;2;40;45;55m@[38;2;40;45;55m@[38;2;40;45;55m@[38;2;40;45;55m@[38;2;40;45;55m@[38;2;40;45;55m@[38;2;40;45;55m@[38;2;90;105;135m%[38;2;90;105;135m%[38;2;90;105;135m%[38;2;90;105;135m%[38;2;90;105;135m%[38;2;90;105;135m%[38;2;90;105;135m%[38;2;90;105;135m%[38;2;90;105;135m%[38;2;90;105;135m%[38;2;90;105;135m%[38;2;90;105;135m%[38;2;90;105;135m%[38;2;90;105;135m%[38;2;90;105;135m%[38;2;90;105;135m%[38;2;90;105;135m%[38;2;90;105;135m%[38;2;90;105;135m%[38;2;90;105;135m%[38;2;90;105;135m%[38;2;90;105;135m%[38;2;90;105;135m%[38;2;90;105;135m%[38;2;90;105;135m%[38;2;90;105;135m%[38;2;90;105;135m%[38;2;90;105;135m%[38;2;90;105;135m%[38;2;90;105;135m%[38;2;90;105;135m%[38;2;90;105;135m%[38;2;90;105;135m%[38;2;90;105;135m%[38;2;90;105;135m%[38;2;90;105;135m%[38;2;90;105;135m%[38;2;90;105;135m%[38;2;90;105;135m%[38;2;90;105;135m%[38;2;90;105;135m%[38;2;90;105;135m%[38;2;90;105;135m%[38;2;90;105;135m%[38;2;90;105;135m%[38;2;90;105;135m%[38;2;90;105;135m%[38;2;90;105;135m%[38;2;90;105;135m%[38;2;90;105;135m%[38;2;90;105;135m%[38;2;90;105;135m%[38;2;90;105;135m%[38;2;90;105;135m%[38;2;90;105;135m%[38;2;90;105;135m%[38;2;90;105;135m%[38;2;90;105;135m%[38;2;90;105;135m%[38;2;90;105;135m%[38;2;90;105;135m%[38;2;90;105;135m%[38;2;90;105;135m%[38;2;90;105;135m%[38;2;90;105;135m%[38;2;90;105;135m%[38;2;90;105;135m%[38;2;90;105;135m%[38;2;90;105;135m%[38;2;90;105;135m%[38;2;90;105;135m%[38;2;90;105;135m%[38;2;90;105;135m%[38;2;90;105;135m%[38;2;90;105;135m%[38;2;90;105;135m%[38;2;90;105;135m%[38;2;90;105;135m%[38;2;90;105;135m%[38;2;90;105;135m%
[38;2;40;45;55m@[38;2;40;45;55m@[38;2;40;45;55m@[38;2;40;45;55m@[38;2;40;45;55m@[38;2;40;45;55m@[38;2;40;45;55m@[38;2;40;45;55m@[38;2;40;45;55m@[38;2;40;45;55m@[38;2;40;45;55m@[38;2;40;45;55m@[38;2;40;45;55m@[38;2;40;45;55m@[38;2;40;45;55m@[38;2;40;45;55m@[38;2;40;45;55m@[38;2;40;45;55m@[38;2;40;45;55m@[38;2;40;45;55m@[38;2;90;105;135m%[38;2;90;105;135m%[38;2;90;105;135m%[38;2;90;105;135m%[38;2;90;105;135m%[38;2;90;105;135m%[38;2;90;105;135m%[38;2;90;105;135m%[38;2;90;105;135m%[38;2;90;105;135m%[38;2;90;105;135m%[38;2;90;105;135m%[38;2;90;105;135m%[38;2;90;105;135m%[38;2;90;105;135m%[38;2;90;105;135m%[38;2;90;105;135m%[38;2;90;105;135m%[38;2;90;105;135m%[38;2;90;105;135m%[38;2;90;105;135m%[38;2;90;105;135m%[38;2;90;105;135m%[38;2;90;105;135m%[38;2;90;105;135m%[38;2;90;105;135m%[38;2;90;105;135m%[38;2;90;105;135m%[38;2;90;105;135m%[38;2;90;105;135m%[38;2;90;105;135m%[38;2;90;105;135m%[38;2;90;105;135m%[38;2;90;105;135m%[38;2;90;105;135m%[38;2;90;105;135m%[38;2;90;105;135m%[38;2;90;105;135m%[38;2;90;105;135m%[38;2;90;105;135m%[38;2;90;105;135m%[38;2;90;105;135m%[38;2;90;105;135m%[38;2;90;105;135m%[38;2;90;105;135m%[38;2;90;105;135m%[38;2;90;105;135m%[38;2;90;105;135m%[38;2;90;105;135m%[38;2;90;105;135m%[38;2;90;105;135m%[38;2;90;105;135m%[38;2;90;105;135m%[38;2;90;105;135m%[38;2;90;105;135m%[38;2;90;105;135m%[38;2;90;105;135m%[38;2;90;105;135m%[38;2;90;105;135m%[38;2;90;105;135m%[38;2;90;105;135m%[38;2;90;105;135m%[38;2;90;105;135m%[38;2;90;105;135m%[38;2;90;105;135m%[38;2;90;105;135m%[38;2;90;105;135m%[38;2;90;105;135m%[38;2;90;105;135m%[38;2;90;105;135m%[38;2;90;105;135m%[38;2;90;105;135m%[38;2;90;105;135m%[38;2;90;105;135m%[38;2;90;105;135m%[38;2;90;105;135m%[38;2;90;105;135m%[38;2;90;105;135m%[38;2;90;105;135m%[38;2;90;105;135m%
[38;2;40;45;55m@[38;2;40;45;55m@[38;2;40;45;55m@[38;2;40;45;55m@[38;2;40;45;55m@[38;2;40;45;55m@[38;2;40;45;55m@[38;2;40;45;55m@[38;2;40;45;55m@[38;2;40;45;55m@[38;2;40;45;55m@[38;2;40;45;55m@[38;2;40;45;55m@[38;2;40;45;55m@[38;2;40;45;55m@[38;2;40;45;55m@[38;2;40;45;55m@[38;2;40;45;55m@[38;2;40;45;55m@[38;2;40;45;55m@[38;2;90;105;135m%[38;2;90;105;135m%[38;2;90;105;135m%[38;2;90;105;135m%[38;2;90;105;135m%[38;2;90;105;135m%[38;2;90;105;135m%[38;2;90;105;135m%[38;2;90;105;135m%[38;2;90;105;135m%[38;2;90;105;135m%[38;2;90;105;135m%[38;2;90;105;135m%[38;2;90;105;135m%[38;2;90;105;135m%[38;2;90;105;135m%[38;2;90;105;135m%[38;2;90;105;135m%[38;2;90;105;135m%[38;2;90;105;135m%[38;2;90;105;135m%[38;2;90;105;135m%[38;2;90;105;135m%[38;2;90;105;135m%[38;2;90;105;135m%[38;2;90;105;135m%[38;2;90;105;135m%[38;2;90;105;135m%[38;2;90;105;135m%[38;2;90;105;135m%[38;2;90;105;135m%[38;2;90;105;135m%[38;2;90;105;135m%[38;2;90;105;135m%[38;2;90;105;135m%[38;2;90;105;135m%[38;2;90;105;135m%[38;2;90;105;135m%[38;2;90;105;135m%[38;2;90;105;135m%[38;2;90;105;135m%[38;2;90;105;135m%[38;2;90;105;135m%[38;2;90;105;135m%[38;2;90;105;135m%[38;2;90;105;135m%[38;2;90;105;135m%[38;2;90;105;135m%[38;2;90;105;135m%[38;2;90;105;135m%[38;2;90;105;135m%[38;2;90;105;135m%[38;2;90;105;135m%[38;2;90;105;135m%[38;2;90;105;135m%[38;2;90;105;135m%[38;2;90;105;135m%[38;2;90;105;135m%[38;2;90;105;135m%[38;2;90;105;135m%[38;2;90;105;135m%[38;2;90;105;135m%[38;2;90;105;135m%[38;2;90;105;135m%[38;2;90;105;135m%[38;2;90;105;135m%[38;2;90;105;135m%[38;2;90;105;135m%[38;2;90;105;135m%[38;2;90;105;135m%[38;2;90;105;135m%[38;2;90;105;135m%[38;2;90;105;135m%[38;2;90;105;135m%[38;2;90;105;135m%[38;2;90;105;135m%[38;2;90;105;135m%[38;2;90;105;135m%[38;2;90;105;135m%[38;2;90;105;135m%
[38;2;40;45;55m@[38;2;40;45;55m@[38;2;40;45;55m@[38;2;40;45;55m@[38;2;40;45;55m@[38;2;40;45;55m@[38;2;40;45;55m@[38;2;40;45;55m@[38;2;40;45;55m@[38;2;40;45;55m@[38;2;40;45;55m@[38;2;40;45;55m@[38;2;40;45;55m@[38;2;40;45;55m@[38;2;40;45;55m@[38;2;40;45;55m@[38;2;40;45;55m@[38;2;40;45;55m@[38;2;40;45;55m@[38;2;40;45;55m@[38;2;90;105;135m%[38;2;90;105;135m%[38;2;90;105;135m%[38;2;90;105;135m%[38;2;90;105;135m%[38;2;90;105;135m%[38;2;90;105;135m%[38;2;90;105;135m%[38;2;90;105;135m%[38;2;90;105;135m%[38;2;90;105;135m%[38;2;90;105;135m%[38;2;90;105;135m%[38;2;90;105;135m%[38;2;90;105;135m%[38;2;90;105;135m%[38;2;90;105;135m%[38;2;90;105;135m%[38;2;90;105;135m%[38;2;90;105;135m%[38;2;90;105;135m%[38;2;90;105;135m%[38;2;90;105;135m%[38;2;90;105;135m%[38;2;90;105;135m%[38;2;90;105;135m%[38;2;90;105;135m%[38;2;90;105;135m%[38;2;90;105;135m%[38;2;90;105;135m%[38;2;90;105;135m%[38;2;90;105;135m%[38;2;90;105;135m%[38;2;90;105;135m%[38;2;90;105;135m%[38;2;90;105;135m%[38;2;90;105;135m%[38;2;90;105;135m%[38;2;90;105;135m%[38;2;90;105;135m%[38;2;90;105;135m%[38;2;90;105;135m%[38;2;90;105;135m%[38;2;90;105;135m%[38;2;90;105;135m%[38;2;90;105;135m%[38;2;90;105;135m%[38;2;90;105;135m%[38;2;90;105;135m%[38;2;90;105;135m%[38;2;90;105;135m%[38;2;90;105;135m%[38;2;90;105;135m%[38;2;90;105;135m%[38;2;90;105;135m%[38;2;90;105;135m%[38;2;90;105;135m%[38;2;90;105;135m%[38;2;90;105;135m%[38;2;90;105;135m%[38;2;90;105;135m%[38;2;90;105;135m%[38;2;90;105;135m%[38;2;90;105;135m%[38;2;90;105;135m%[38;2;90;105;135m%[38;2;90;105;135m%[38;2;90;105;135m%[38;2;90;105;135m%[38;2;90;105;135m%[38;2;90;105;135m%[38;2;90;105;135m%[38;2;90;105;135m%[38;2;90;105;135m%[38;2;90;105;135m%[38;2;90;105;135m%[38;2;90;105;135m%[38;2;90;105;135m%[38;2;90;105;135m%[38;2;90;105;135m%
[38;2;40;45;55m@[38;2;40;45;55m@[38;2;40;45;55m@[38;2;40;45;55m@[38;2;40;45;55m@[38;2;40;45;55m@[38;2;40;45;55m@[38;2;40;45;55m@[38;2;40;45;55m@[38;2;40;45;55m@[38;2;40;45;55m@[38;2;40;45;55m@[38;2;40;45;55m@[38;2;40;45;55m@[38;2;40;45;55m@[38;2;40;45;55m@[38;2;40;45;55m@[38;2;40;45;55m@[38;2;40;45;55m@[38;2;40;45;55m@[38;2;90;105;135m%[38;2;90;105;135m%[38;2;90;105;135m%[38;2;90;105;135m%[38;2;90;105;135m%[38;2;90;105;135m%[38;2;90;105;135m%[38;2;90;105;135m%[38;2;90;105;135m%[38;2;90;105;135m%[38;2;90;105;135m%[38;2;90;105;135m%[38;2;90;105;135m%[38;2;90;105;135m%[38;2;90;105;135m%[38;2;90;105;135m%[38;2;90;105;135m%[38;2;90;105;135m%[38;2;90;105;135m%[38;2;90;105;135m%[38;2;90;105;135m%[38;2;90;105;135m%[38;2;90;105;135m%[38;2;90;105;135m%[38;2;90;105;135m%[38;2;90;105;135m%[38;2;90;105;135m%[38;2;90;105;135m%[38;2;90;105;135m%[38;2;90;105;135m%[38;2;90;105;135m%[38;2;90;105;135m%[38;2;90;105;135m%[38;2;90;105;135m%[38;2;90;105;135m%[38;2;90;105;135m%[38;2;90;105;135m%[38;2;90;105;135m%[38;2;90;105;135m%[38;2;90;105;135m%[38;2;90;105;135m%[38;2;90;105;135m%[38;2;90;105;135m%[38;2;90;105;135m%[38;2;90;105;135m%[38;2;90;105;135m%[38;2;90;105;135m%[38;2;90;105;135m%[38;2;90;105;135m%[38;2;90;105;135m%[38;2;90;105;135m%[38;2;90;105;135m%[38;2;90;105;135m%[38;2;90;105;135m%[38;2;90;105;135m%[38;2;90;105;135m%[38;2;90;105;135m%[38;2;90;105;135m%[38;2;90;105;135m%[38;2;90;105;135m%[38;2;90;105;135m%[38;2;90;105;135m%[38;2;90;105;135m%[38;2;90;105;135m%[38;2;90;105;135m%[38;2;90;105;135m%[38;2;90;105;135m%[38;2;90;105;135m%[38;2;90;105;135m%[38;2;90;105;135m%[38;2;90;105;135m%[38;2;90;105;135m%[38;2;90;105;135m%[38;2;90;105;135m%[38;2;90;105;135m%[38;2;90;105;135m%[38;2;90;105;135m%[38;2;90;105;135m%[38;2;90;105;135m%[38;2;90;105;135m%
[38;2;40;45;55m@[38;2;40;45;55m@[38;2;40;45;55m@[38;2;40;45;55m@[38;2;40;45;55m@[38;2;40;45;55m@[38;2;40;45;55m@[38;2;40;45;55m@[38;2;40;45;55m@[38;2;40;45;55m@[38;2;40;45;55m@[38;2;40;45;55m@[38;2;40;45;55m@[38;2;40;45;55m@[38;2;40;45;55m@[38;2;40;45;55m@[38;2;40;45;55m@[38;2;40;45;55m@[38;2;40;45;55m@[38;2;40;45;55m@[38;2;90;105;135m%[38;2;90;105;135m%[38;2;90;105;135m%[38;2;90;105;135m%[38;2;90;105;135m%[38;2;90;105;135m%[38;2;90;105;135m%[38;2;90;105;135m%[38;2;90;105;135m%[38;2;90;105;135m%[38;2;90;105;135m%[38;2;90;105;135m%[38;2;90;105;135m%[38;2;90;105;135m%[38;2;90;105;135m%[38;2;90;105;135m%[38;2;90;105;135m%[38;2;90;105;135m%[38;2;90;105;135m%[38;2;90;105;135m%[38;2;90;105;135m%[38;2;90;105;135m%[38;2;90;105;135m%[38;2;90;105;135m%[38;2;90;105;135m%[38;2;90;105;135m%[38;2;90;105;135m%[38;2;90;105;135m%[38;2;90;105;135m%[38;2;90;105;135m%[38;2;90;105;135m%[38;2;90;105;135m%[38;2;90;105;135m%[38;2;90;105;135m%[38;2;90;105;135m%[38;2;90;105;135m%[38;2;90;105;135m%[38;2;90;105;135m%[38;2;90;105;135m%[38;2;90;105;135m%[38;2;90;105;135m%[38;2;90;105;135m%[38;2;90;105;135m%[38;2;90;105;135m%[38;2;90;105;135m%[38;2;90;105;135m%[38;2;90;105;135m%[38;2;90;105;135m%[38;2;90;105;135m%[38;2;90;105;135m%[38;2;90;105;135m%[38;2;90;105;135m%[38;2;90;105;135m%[38;2;90;105;135m%[38;2;90;105;135m%[38;2;90;105;135m%[38;2;90;105;135m%[38;2;90;105;135m%[38;2;90;105;135m%[38;2;90;105;135m%[38;2;90;105;135m%[38;2;90;105;135m%[38;2;90;105;135m%[38;2;90;105;135m%[38;2;90;105;135m%[38;2;90;105;135m%[38;2;90;105;135m%[38;2;90;105;135m%[38;2;90;105;135m%[38;2;90;105;135m%[38;2;90;105;135m%[38;2;90;105;135m%[38;2;90;105;135m%[38;2;90;105;135m%[38;2;90;105;135m%[38;2;90;105;135m%[38;2;90;105;135m%[38;2;90;105;135m%[38;2;90;105;135m%[38;2;90;105;135m%
[38;2;40;45;55m@[38;2;40;45;55m@[38;2;40;45;55m@[38;2;40;45;55m@[38;2;40;45;55m@[38;2;40;45;55m@[38;2;40;45;55m@[38;2;40;45;55m@[38;2;40;45;55m@[38;2;40;45;55m@[38;2;40;45;55m@[38;2;40;45;55m@[38;2;40;45;55m@[38;2;40;45;55m@[38;2;40;45;55m@[38;2;40;45;55m@[38;2;40;45;55m@[38;2;40;45;55m@[38;2;40;45;55m@[38;2;40;45;55m@[38;2;90;105;135m%[38;2;90;105;135m%[38;2;90;105;135m%[38;2;90;105;135m%[38;2;90;105;135m%[38;2;90;105;135m%[38;2;90;105;135m%[38;2;90;105;135m%[38;2;90;105;135m%[38;2;90;105;135m%[38;2;90;105;135m%[38;2;90;105;135m%[38;2;90;105;135m%[38;2;90;105;135m%[38;2;90;105;135m%[38;2;90;105;135m%[38;2;90;105;135m%[38;2;90;105;135m%[38;2;90;105;135m%[38;2;90;105;135m%[38;2;90;105;135m%[38;2;90;105;135m%[38;2;90;105;135m%[38;2;90;105;135m%[38;2;90;105;135m%[38;2;90;105;135m%[38;2;90;105;135m%[38;2;90;105;135m%[38;2;90;105;135m%[38;2;90;105;135m%[38;2;90;105;135m%[38;2;90;105;135m%[38;2;90;105;135m%[38;2;90;105;135m%[38;2;90;105;135m%[38;2;90;105;135m%[38;2;90;105;135m%[38;2;90;105;135m%[38;2;90;105;135m%[38;2;90;105;135m%[38;2;90;105;135m%[38;2;90;105;135m%[38;2;90;105;135m%[38;2;90;105;135m%[38;2;90;105;135m%[38;2;90;105;135m%[38;2;90;105;135m%[38;2;90;105;135m%[38;2;90;105;135m%[38;2;90;105;135m%[38;2;90;105;135m%[38;2;90;105;135m%[38;2;90;105;135m%[38;2;90;105;135m%[38;2;90;105;135m%[38;2;90;105;135m%[38;2;90;105;135m%[38;2;90;105;135m%[38;2;90;105;135m%[38;2;90;105;135m%[38;2;90;105;135m%[38;2;90;105;135m%[38;2;90;105;135m%[38;2;90;105;135m%[38;2;90;105;135m%[38;2;90;105;135m%[38;2;90;105;135m%[38;2;90;105;135m%[38;2;90;105;135m%[38;2;90;105;135m%[38;2;90;105;135m%[38;2;90;105;135m%[38;2;90;105;135m%[38;2;90;105;135m%[38;2;90;105;135m%[38;2;90;105;135m%[38;2;90;105;135m%[38;2;90;105;135m%[38;2;90;105;135m%[38;2;90;105;135m%
[38;2;40;45;55m@[38;2;40;45;55m@[38;2;40;45;55m@[38;2;40;45;55m@[38;2;40;45;55m@[38;2;40;45;55m@[38;2;40;45;55m@[38;2;40;45;55m@[38;2;40;45;55m@[38;2;40;45;55m@[38;2;40;45;55m@[38;2;40;45;55m@[38;2;40;45;55m@[38;2;40;45;55m@[38;2;40;45;55m@[38;2;40;45;55m@[38;2;40;45;55m@[38;2;40;45;55m@[38;2;40;45;55m@[38;2;40;45;55m@[38;2;40;45;55m@[38;2;90;105;135m%[38;2;90;105;135m%[38;2;90;105;135m%[38;2;90;105;135m%[38;2;90;105;135m%[38;2;90;105;135m%[38;2;90;105;135m%[38;2;90;105;135m%[38;2;90;105;135m%[38;2;90;105;135m%[38;2;90;105;135m%[38;2;90;105;135m%[38;2;90;105;135m%[38;2;90;105;135m%[38;2;90;105;135m%[38;2;90;105;135m%[38;2;90;105;135m%[38;2;90;105;135m%[38;2;90;105;135m%[38;2;90;105;135m%[38;2;90;105;135m%[38;2;90;105;135m%[38;2;90;105;135m%[38;2;90;105;135m%[38;2;90;105;135m%[38;2;90;105;135m%[38;2;90;105;135m%[38;2;90;105;135m%[38;2;90;105;135m%[38;2;90;105;135m%[38;2;90;105;135m%[38;2;90;105;135m%[38;2;90;105;135m%[38;2;90;105;135m%[38;2;90;105;135m%[38;2;90;105;135m%[38;2;90;105;135m%[38;2;90;105;135m%[38;2;90;105;135m%[38;2;90;105;135m%[38;2;90;105;135m%[38;2;90;105;135m%[38;2;90;105;135m%[38;2;90;105;135m%[38;2;90;105;135m%[38;2;90;105;135m%[38;2;90;105;135m%[38;2;90;105;135m%[38;2;90;105;135m%[38;2;90;105;135m%[38;2;90;105;135m%[38;2;90;105;135m%[38;2;90;105;135m%[38;2;90;105;135m%[38;2;90;105;135m%[38;2;90;105;135m%[38;2;90;105;135m%[38;2;90;105;135m%[38;2;90;105;135m%[38;2;90;105;135m%[38;2;90;105;135m%[38;2;90;105;135m%[38;2;90;105;135m%[38;2;90;105;135m%[38;2;90;105;135m%[38;2;90;105;135m%[38;2;90;105;135m%[38;2;90;105;135m%[38;2;90;105;135m%[38;2;90;105;135m%[38;2;90;105;135m%[38;2;90;105;135m%[38;2;90;105;135m%[38;2;90;105;135m%[38;2;90;105;135m%[38;2;90;105;135m%[38;2;90;105;135m%[38;2;90;105;135m%[38;2;90;105;135m%
[38;2;40;45;55m@[38;2;40;45;55m@[38;2;40;45;55m@[38;2;40;45;55m@[38;2;40;45;55m@[38;2;40;45;55m@[38;2;40;45;55m@[38;2;40;45;55m@[38;2;40;45;55m@[38;2;40;45;55m@[38;2;40;45;55m@[38;2;40;45;55m@[38;2;40;45;55m@[38;2;40;45;55m@[38;2;40;45;55m@[38;2;40;45;55m@[38;2;40;45;55m@[38;2;40;45;55m@[38;2;40;45;55m@[38;2;40;45;55m@[38;2;40;45;55m@[38;2;90;105;135m%[38;2;90;105;135m%[38;2;90;105;135m%[38;2;90;105;135m%[38;2;90;105;135m%[38;2;90;105;135m%[38;2;90;105;135m%[38;2;90;105;135m%[38;2;90;105;135m%[38;2;90;105;135m%[38;2;90;105;135m%[38;2;90;105;135m%[38;2;90;105;135m%[38;2;90;105;135m%[38;2;90;105;135m%[38;2;90;105;135m%[38;2;90;105;135m%[38;2;90;105;135m%[38;2;90;105;135m%[38;2;90;105;135m%[38;2;90;105;135m%[38;2;90;105;135m%[38;2;90;105;135m%[38;2;90;105;135m%[38;2;90;105;135m%[38;2;90;105;135m%[38;2;90;105;135m%[38;2;90;105;135m%[38;2;90;105;135m%[38;2;90;105;135m%[38;2;90;105;135m%[38;2;90;105;135m%[38;2;90;105;135m%[38;2;90;105;135m%[38;2;90;105;135m%[38;2;90;105;135m%[38;2;90;105;135m%[38;2;90;105;135m%[38;2;90;105;135m%[38;2;90;105;135m%[38;2;90;105;135m%[38;2;90;105;135m%[38;2;90;105;135m%[38;2;90;105;135m%[38;2;90;105;135m%[38;2;90;105;135m%[38;2;90;105;135m%[38;2;90;105;135m%[38;2;90;105;135m%[38;2;90;105;135m%[38;2;90;105;135m%[38;2;90;105;135m%[38;2;90;105;135m%[38;2;90;105;135m%[38;2;90;105;135m%[38;2;90;105;135m%[38;2;90;105;135m%[38;2;90;105;135m%[38;2;90;105;135m%[38;2;90;105;135m%[38;2;90;105;135m%[38;2;90;105;135m%[38;2;90;105;135m%[38;2;90;105;135m%[38;2;90;105;135m%[38;2;90;105;135m%[38;2;90;105;135m%[38;2;90;105;135m%[38;2;90;105;135m%[38;2;90;105;135m%[38;2;90;105;135m%[38;2;90;105;135m%[38;2;90;105;135m%[38;2;90;105;135m%[38;2;90;105;135m%[38;2;90;105;135m%[38;2;90;105;135m%[38;2;90;105;135m% 
 [38;2;40;45;55m@[38;2;40;45;55m@[38;2;40;45;55m@[38;2;40;45;55m@[38;2;40;45;55m@[38;2;40;45;55m@[38;2;40;45;55m@[38;2;40;45;55m@[38;2;40;45;55m@[38;2;40;45;55m@[38;2;40;45;55m@[38;2;40;45;55m@[38;2;40;45;55m@[38;2;40;45;55m@[38;2;40;45;55m@[38;2;40;45;55m@[38;2;40;45;55m@[38;2;40;45;55m@[38;2;40;45;55m@[38;2;40;45;55m@[38;2;90;105;135m%[38;2;90;105;135m%[38;2;90;105;135m%[38;2;90;105;135m%[38;2;90;105;135m%[38;2;90;105;135m%[38;2;90;105;135m%[38;2;90;105;135m%[38;2;90;105;135m%[38;2;90;105;135m%[38;2;90;105;135m%[38;2;90;105;135m%[38;2;90;105;135m%[38;2;90;105;135m%[38;2;90;105;135m%[38;2;90;105;135m%[38;2;90;105;135m%[38;2;90;105;135m%[38;2;90;105;135m%[38;2;90;105;135m%[38;2;90;105;135m%[38;2;90;105;135m%[38;2;90;105;135m%[38;2;90;105;135m%[38;2;90;105;135m%[38;2;90;105;135m%[38;2;90;105;135m%[38;2;90;105;135m%[38;2;90;105;135m%[38;2;90;105;135m%[38;2;90;105;135m%[38;2;90;105;135m%[38;2;90;105;135m%[38;2;90;105;135m%[38;2;90;105;135m%[38;2;90;105;135m%[38;2;90;105;135m%[38;2;90;105;135m%[38;2;90;105;135m%[38;2;90;105;135m%[38;2;90;105;135m%[38;2;90;105;135m%[38;2;90;105;135m%[38;2;90;105;135m%[38;2;90;105;135m%[38;2;90;105;135m%[38;2;90;105;135m%[38;2;90;105;135m%[38;2;90;105;135m%[38;2;90;105;135m%[38;2;90;105;135m%[38;2;90;105;135m%[38;2;90;105;135m%[38;2;90;105;135m%[38;2;90;105;135m%[38;2;90;105;135m%[38;2;90;105;135m%[38;2;90;105;135m%[38;2;90;105;135m%[38;2;90;105;135m%[38;2;90;105;135m%[38;2;90;105;135m%[38;2;90;105;135m%[38;2;90;105;135m%[38;2;90;105;135m%[38;2;90;105;135m%[38;2;90;105;135m%[38;2;90;105;135m%[38;2;90;105;135m%[38;2;90;105;135m%[38;2;90;105;135m%[38;2;90;105;135m%[38;2;90;105;135m%[38;2;90;105;135m%[38;2;90;105;135m%[38;2;90;105;135m%[38;2;90;105;135m%[38;2;90;105;135m% 
 [38;2;40;45;55m@[38;2;40;45;55m@[38;2;40;45;55m@[38;2;40;45;55m@[38;2;40;45;55m@[38;2;40;45;55m@[38;2;40;45;55m@[38;2;40;45;55m@[38;2;40;45;55m@[38;2;40;45;55m@[38;2;40;45;55m@[38;2;40;45;55m@[38;2;40;45;55m@[38;2;40;45;55m@[38;2;40;45;55m@[38;2;40;45;55m@[38;2;40;45;55m@[38;2;40;45;55m@[38;2;40;45;55m@[38;2;40;45;55m@[38;2;40;45;55m@[38;2;90;105;135m%[38;2;90;105;135m%[38;2;90;105;135m%[38;2;90;105;135m%[38;2;90;105;135m%[38;2;90;105;135m%[38;2;90;105;135m%[38;2;90;105;135m%[38;2;90;105;135m%[38;2;90;105;135m%[38;2;90;105;135m%[38;2;90;105;135m%[38;2;90;105;135m%[38;2;90;105;135m%[38;2;90;105;135m%[38;2;90;105;135m%[38;2;90;105;135m%[38;2;90;105;135m%[38;2;90;105;135m%[38;2;90;105;135m%[38;2;90;105;135m%[38;2;90;105;135m%[38;2;90;105;135m%[38;2;90;105;135m%[38;2;90;105;135m%[38;2;90;105;135m%[38;2;90;105;135m%[38;2;90;105;135m%[38;2;90;105;135m%[38;2;90;105;135m%[38;2;90;105;135m%[38;2;90;105;135m%[38;2;90;105;135m%[38;2;90;105;135m%[38;2;90;105;135m%[38;2;90;105;135m%[38;2;90;105;135m%[38;2;90;105;135m%[38;2;90;105;135m%[38;2;90;105;135m%[38;2;90;105;135m%[38;2;90;105;135m%[38;2;90;105;135m%[38;2;90;105;135m%[38;2;90;105;135m%[38;2;90;105;135m%[38;2;90;105;135m%[38;2;90;105;135m%[38;2;90;105;135m%[38;2;90;105;135m%[38;2;90;105;135m%[38;2;90;105;135m%[38;2;90;105;135m%[38;2;90;105;135m%[38;2;90;105;135m%[38;2;90;105;135m%[38;2;90;105;135m%[38;2;90;105;135m%[38;2;90;105;135m%[38;2;90;105;135m%[38;2;90;105;135m%[38;2;90;105;135m%[38;2;90;105;135m%[38;2;90;105;135m%[38;2;90;105;135m%[38;2;90;105;135m%[38;2;90;105;135m%[38;2;90;105;135m%[38;2;90;105;135m%[38;2;90;105;135m%[38;2;90;105;135m%[38;2;90;105;135m%[38;2;90;105;135m%[38;2;90;105;135m%[38;2;90;105;135m%[38;2;90;105;135m%[38;2;90;105;135m% 
 [38;2;40;45;55m@[38;2;40;45;55m@[38;2;40;45;55m@[38;2;40;45;55m@[38;2;40;45;55m@[38;2;40;45;55m@[38;2;40;45;55m@[38;2;40;45;55m@[38;2;40;45;55m@[38;2;40;45;55m@[38;2;40;45;55m@[38;2;40;45;55m@[38;2;40;45;55m@[38;2;40;45;55m@[38;2;40;45;55m@[38;2;40;45;55m@[38;2;40;45;55m@[38;2;40;45;55m@[38;2;40;45;55m@[38;2;40;45;55m@[38;2;40;45;55m@[38;2;90;105;135m%[38;2;90;105;135m%[38;2;90;105;135m%[38;2;90;105;135m%[38;2;90;105;135m%[38;2;90;105;135m%[38;2;90;105;135m%[38;2;90;105;135m%[38;2;90;105;135m%[38;2;90;105;135m%[38;2;90;105;135m%[38;2;90;105;135m%[38;2;90;105;135m%[38;2;90;105;135m%[38;2;90;105;135m%[38;2;90;105;135m%[38;2;90;105;135m%[38;2;90;105;135m%[38;2;90;105;135m%[38;2;90;105;135m%[38;2;90;105;135m%[38;2;90;105;135m%[38;2;90;105;135m%[38;2;90;105;135m%[38;2;90;105;135m%[38;2;90;105;135m%[38;2;90;105;135m%[38;2;90;105;135m%[38;2;90;105;135m%[38;2;90;105;135m%[38;2;90;105;135m%[38;2;90;105;135m%[38;2;90;105;135m%[38;2;90;105;135m%[38;2;90;105;135m%[38;2;90;105;135m%[38;2;90;105;135m%[38;2;90;105;135m%[38;2;90;105;135m%[38;2;90;105;135m%[38;2;90;105;135m%[38;2;90;105;135m%[38;2;90;105;135m%[38;2;90;105;135m%[38;2;90;105;135m%[38;2;90;105;135m%[38;2;90;105;135m%[38;2;90;105;135m%[38;2;90;105;135m%[38;2;90;105;135m%[38;2;90;105;135m%[38;2;90;105;135m%[38;2;90;105;135m%[38;2;90;105;135m%[38;2;90;105;135m%[38;2;90;105;135m%[38;2;90;105;135m%[38;2;90;105;135m%[38;2;90;105;135m%[38;2;90;105;135m%[38;2;90;105;135m%[38;2;90;105;135m%[38;2;90;105;135m%[38;2;90;105;135m%[38;2;90;105;135m%[38;2;90;105;135m%[38;2;90;105;135m%[38;2;90;105;135m%[38;2;90;105;135m%[38;2;90;105;135m%[38;2;90;105;135m%[38;2;90;105;135m%[38;2;90;105;135m%[38;2;90;105;135m%[38;2;90;105;135m%[38;2;90;105;135m%  
  [38;2;40;45;55m@[38;2;40;45;55m@[38;2;40;45;55m@[38;2;40;45;55m@[38;2;40;45;55m@[38;2;40;45;55m@[38;2;40;45;55m@[38;2;40;45;55m@[38;2;40;45;55m@[38;2;40;45;55m@[38;2;40;45;55m@[38;2;40;45;55m@[38;2;40;45;55m@[38;2;40;45;55m@[38;2;40;45;55m@[38;2;40;45;55m@[38;2;40;45;55m@[38;2;40;45;55m@[38;2;40;45;55m@[38;2;40;45;55m@[38;2;40;45;55m@[38;2;90;105;135m%[38;2;90;105;135m%[38;2;90;105;135m%[38;2;90;105;135m%[38;2;90;105;135m%[38;2;90;105;135m%[38;2;90;105;135m%[38;2;90;105;135m%[38;2;90;105;135m%[38;2;90;105;135m%[38;2;90;105;135m%[38;2;90;105;135m%[38;2;90;105;135m%[38;2;90;105;135m%[38;2;90;105;135m%[38;2;90;105;135m%[38;2;90;105;135m%[38;2;90;105;135m%[38;2;90;105;135m%[38;2;90;105;135m%[38;2;90;105;135m%[38;2;90;105;135m%[38;2;90;105;135m%[38;2;90;105;135m%[38;2;90;105;135m%[38;2;90;105;135m%[38;2;90;105;135m%[38;2;90;105;135m%[38;2;90;105;135m%[38;2;90;105;135m%[38;2;90;105;135m%[38;2;90;105;135m%[38;2;90;105;135m%[38;2;120;135;170m#[38;2;160;175;210m*[38;2;160;175;210m*[38;2;160;175;210m*[38;2;120;135;170m#[38;2;90;105;135m%[38;2;90;105;135m%[38;2;90;105;135m%[38;2;90;105;135m%[38;2;90;105;135m%[38;2;90;105;135m%[38;2;90;105;135m%[38;2;90;105;135m%[38;2;90;105;135m%[38;2;90;105;135m%[38;2;90;105;135m%[38;2;90;105;135m%[38;2;90;105;135m%[38;2;90;105;135m%[38;2;90;105;135m%[38;2;90;105;135m%[38;2;90;105;135m%[38;2;90;105;135m%[38;2;90;105;135m%[38;2;90;105;135m%[38;2;90;105;135m%[38;2;90;105;135m%[38;2;90;105;135m%[38;2;90;105;135m%[38;2;90;105;135m%[38;2;90;105;135m%[38;2;90;105;135m%[38;2;90;105;135m%[38;2;90;105;135m%[38;2;90;105;135m%[38;2;90;105;135m%[38;2;90;105;135m%[38;2;90;105;135m%[38;2;90;105;135m%[38;2;90;105;135m%[38;2;90;105;135m%[38;2;90;105;135m%  
   [38;2;40;45;55m@[38;2;40;45;55m@[38;2;40;45;55m@[38;2;40;45;55m@[38;2;40;45;55m@[38;2;40;45;55m@[38;2;40;45;55m@[38;2;40;45;55m@[38;2;40;45;55m@[38;2;40;45;55m@[38;2;40;45;55m@[38;2;40;45;55m@[38;2;40;45;55m@[38;2;40;45;55m@[38;2;40;45;55m@[38;2;40;45;55m@[38;2;40;45;55m@[38;2;40;45;55m@[38;2;40;45;55m@[38;2;40;45;55m@[38;2;40;45;55m@[38;2;90;105;135m%[38;2;90;105;135m%[38;2;90;105;135m%[38;2;90;105;135m%[38;2;90;105;135m%[38;2;90;105;135m%[38;2;90;105;135m%[38;2;90;105;135m%[38;2;90;105;135m%[38;2;90;105;135m%[38;2;90;105;135m%[38;2;90;105;135m%[38;2;90;105;135m%[38;2;90;105;135m%[38;2;90;105;135m%[38;2;90;105;135m%[38;2;90;105;135m%[38;2;90;105;135m%[38;2;90;105;135m%[38;2;90;105;135m%[38;2;90;105;135m%[38;2;90;105;135m%[38;2;90;105;135m%[38;2;90;105;135m%[38;2;90;105;135m%[38;2;90;105;135m%[38;2;90;105;135m%[38;2;90;105;135m%[38;2;90;105;135m%[38;2;90;105;135m%[38;2;90;105;135m%[38;2;90;105;135m%[38;2;90;105;135m%[38;2;120;135;170m#[38;2;160;175;210m*[38;2;160;175;210m*[38;2;160;175;210m*[38;2;160;175;210m*[38;2;120;135;170m#[38;2;90;105;135m%[38;2;90;105;135m%[38;2;90;105;135m%[38;2;90;105;135m%[38;2;90;105;135m%[38;2;90;105;135m%[38;2;90;105;135m%[38;2;90;105;135m%[38;2;90;105;135m%[38;2;90;105;135m%[38;2;90;105;135m%[38;2;90;105;135m%[38;2;90;105;135m%[38;2;90;105;135m%[38;2;90;105;135m%[38;2;90;105;135m%[38;2;90;105;135m%[38;2;90;105;135m%[38;2;90;105;135m%[38;2;90;105;135m%[38;2;90;105;135m%[38;2;90;105;135m%[38;2;90;105;135m%[38;2;90;105;135m%[38;2;90;105;135m%[38;2;90;105;135m%[38;2;90;105;135m%[38;2;90;105;135m%[38;2;90;105;135m%[38;2;90;105;135m%[38;2;90;105;135m%[38;2;90;105;135m%[38;2;90;105;135m%[38;2;90;105;135m%   
   [38;2;40;45;55m@[38;2;40;45;55m@[38;2;40;45;55m@[38;2;40;45;55m@[38;2;40;45;55m@[38;2;40;45;55m@[38;2;40;45;55m@[38;2;40;45;55m@[38;2;40;45;55m@[38;2;40;45;55m@[38;2;40;45;55m@[38;2;40;45;55m@[38;2;40;45;55m@[38;2;40;45;55m@[38;2;40;45;55m@[38;2;40;45;55m@[38;2;40;45;55m@[38;2;40;45;55m@[38;2;40;45;55m@[38;2;40;45;55m@[38;2;40;45;55m@[38;2;40;45;55m@[38;2;90;105;135m%[38;2;90;105;135m%[38;2;90;105;135m%[38;2;90;105;135m%[38;2;90;105;135m%[38;2;90;105;135m%[38;2;90;105;135m%[38;2;90;105;135m%[38;2;90;105;135m%[38;2;90;105;135m%[38;2;90;105;135m%[38;2;90;105;135m%[38;2;90;105;135m%[38;2;90;105;135m%[38;2;90;105;135m%[38;2;90;105;135m%[38;2;90;105;135m%[38;2;90;105;135m%[38;2;90;105;135m%[38;2;90;105;135m%[38;2;90;105;135m%[38;2;90;105;135m%[38;2;90;105;135m%[38;2;90;105;135m%[38;2;90;105;135m%[38;2;90;105;135m%[38;2;90;105;135m%[38;2;90;105;135m%[38;2;90;105;135m%[38;2;90;105;135m%[38;2;90;105;135m%[38;2;90;105;135m%[38;2;90;105;135m%[38;2;90;105;135m%[38;2;120;135;170m#[38;2;160;175;210m*[38;2;160;175;210m*[38;2;160;175;210m*[38;2;160;175;210m*[38;2;120;135;170m#[38;2;90;105;135m%[38;2;90;105;135m%[38;2;90;105;135m%[38;2;90;105;135m%[38;2;90;105;135m%[38;2;90;105;135m%[38;2;90;105;135m%[38;2;90;105;135m%[38;2;90;105;135m%[38;2;90;105;135m%[38;2;90;105;135m%[38;2;90;105;135m%[38;2;90;105;135m%[38;2;90;105;135m%[38;2;90;105;135m%[38;2;90;105;135m%[38;2;90;105;135m%[38;2;90;105;135m%[38;2;90;105;135m%[38;2;90;105;135m%[38;2;90;105;135m%[38;2;90;105;135m%[38;2;90;105;135m%[38;2;90;105;135m%[38;2;90;105;135m%[38;2;90;105;135m%[38;2;90;105;135m%[38;2;90;105;135m%[38;2;90;105;135m%[38;2;90;105;135m%[38;2;90;105;135m%    
    [38;2;40;45;55m@[38;2;40;45;55m@[38;2;40;45;55m@[38;2;40;45;55m@[38;2;40;45;55m@[38;2;40;45;55m@[38;2;40;45;55m@[38;2;40;45;55m@[38;2;40;45;55m@[38;2;40;45;55m@[38;2;40;45;55m@[38;2;40;45;55m@[38;2;40;45;55m@[38;2;40;45;55m@[38;2;40;45;55m@[38;2;40;45;55m@[38;2;40;45;55m@[38;2;40;45;55m@[38;2;40;45;55m@[38;2;40;45;55m@[38;2;40;45;55m@[38;2;40;45;55m@[38;2;90;105;135m%[38;2;90;105;135m%[38;2;90;105;135m%[38;2;90;105;135m%[38;2;90;105;135m%[38;2;90;105;135m%[38;2;90;105;135m%[38;2;90;105;135m%[38;2;90;105;135m%[38;2;90;105;135m%[38;2;90;105;135m%[38;2;90;105;135m%[38;2;90;105;135m%[38;2;90;105;135m%[38;2;90;105;135m%[38;2;90;105;135m%[38;2;90;105;135m%[38;2;90;105;135m%[38;2;90;105;135m%[38;2;90;105;135m%[38;2;90;105;135m%[38;2;90;105;135m%[38;2;90;105;135m%[38;2;90;105;135m%[38;2;90;105;135m%[38;2;90;105;135m%[38;2;90;105;135m%[38;2;90;105;135m%[38;2;90;105;135m%[38;2;90;105;135m%[38;2;90;105;135m%[38;2;90;105;135m%[38;2;90;105;135m%[38;2;90;105;135m%[38;2;90;105;135m%[38;2;120;135;170m#[38;2;200;210;240m+[38;2;200;210;240m+[38;2;160;175;210m*[38;2;120;135;170m#[38;2;90;105;135m%[38;2;90;105;135m%[38;2;90;105;135m%[38;2;90;105;135m%[38;2;90;105;135m%[38;2;90;105;135m%[38;2;90;105;135m%[38;2;90;105;135m%[38;2;90;105;135m%[38;2;90;105;135m%[38;2;90;105;135m%[38;2;90;105;135m%[38;2;90;105;135m%[38;2;90;105;135m%[38;2;90;105;135m%[38;2;90;105;135m%[38;2;90;105;135m%[38;2;90;105;135m%[38;2;90;105;135m%[38;2;90;105;135m%[38;2;90;105;135m%[38;2;90;105;135m%[38;2;90;105;135m%[38;2;90;105;135m%[38;2;90;105;135m%[38;2;90;105;135m%[38;2;90;105;135m%[38;2;90;105;135m%[38;2;90;105;135m%     
     [38;2;40;45;55m@[38;2;40;45;55m@[38;2;40;45;55m@[38;2;40;45;55m@[38;2;40;45;55m@[38;2;40;45;55m@[38;2;40;45;55m@[38;2;40;45;55m@[38;2;40;45;55m@[38;2;40;45;55m@[38;2;40;45;55m@[38;2;40;45;55m@[38;2;40;45;55m@[38;2;40;45;55m@[38;2;40;45;55m@[38;2;40;45;55m@[38;2;40;45;55m@[38;2;40;45;55m@[38;2;40;45;55m@[38;2;40;45;55m@[38;2;40;45;55m@[38;2;40;45;55m@[38;2;90;105;135m%[38;2;90;105;135m%[38;2;90;105;135m%[38;2;90;105;135m%[38;2;90;105;135m%[38;2;90;105;135m%[38;2;90;105;135m%[38;2;90;105;135m%[38;2;90;105;135m%[38;2;90;105;135m%[38;2;90;105;135m%[38;2;90;105;135m%[38;2;90;105;135m%[38;2;90;105;135m%[38;2;90;105;135m%[38;2;90;105;135m%[38;2;90;105;135m%[38;2;90;105;135m%[38;2;90;105;135m%[38;2;90;105;135m%[38;2;90;105;135m%[38;2;90;105;135m%[38;2;90;105;135m%[38;2;90;105;135m%[38;2;90;105;135m%[38;2;90;105;135m%[38;2;90;105;135m%[38;2;90;105;135m%[38;2;90;105;135m%[38;2;90;105;135m%[38;2;90;105;135m%[38;2;90;105;135m%[38;2;90;105;135m%[38;2;120;135;170m#[38;2;160;175;210m*[38;2;200;210;240m+[38;2;160;175;210m*[38;2;160;175;210m*[38;2;120;135;170m#[38;2;90;105;135m%[38;2;90;105;135m%[38;2;90;105;135m%[38;2;90;105;135m%[38;2;90;105;135m%[38;2;90;105;135m%[38;2;90;105;135m%[38;2;90;105;135m%[38;2;90;105;135m%[38;2;90;105;135m%[38;2;90;105;135m%[38;2;90;105;135m%[38;2;90;105;135m%[38;2;90;105;135m%[38;2;90;105;135m%[38;2;90;105;135m%[38;2;90;105;135m%[38;2;90;105;135m%[38;2;90;105;135m%[38;2;90;105;135m%[38;2;90;105;135m%[38;2;90;105;135m%[38;2;90;105;135m%[38;2;90;105;135m%[38;2;90;105;135m%[38;2;90;105;135m%[38;2;90;105;135m%[38;2;90;105;135m%      
      [38;2;40;45;55m@[38;2;40;45;55m@[38;2;40;45;55m@[38;2;40;45;55m@[38;2;40;45;55m@[38;2;40;45;55m@[38;2;40;45;55m@[38;2;40;45;55m@[38;2;40;45;55m@[38;2;40;45;55m@[38;2;40;45;55m@[38;2;40;45;55m@[38;2;40;45;55m@[38;2;40;45;55m@[38;2;40;45;55m@[38;2;40;45;55m@[38;2;40;45;55m@[38;2;40;45;55m@[38;2;40;45;55m@[38;2;40;45;55m@[38;2;40;45;55m@[38;2;40;45;55m@[38;2;90;105;135m%[38;2;90;105;135m%[38;2;90;105;135m%[38;2;90;105;135m%[38;2;90;105;135m%[38;2;90;105;135m%[38;2;90;105;135m%[38;2;90;105;135m%[38;2;90;105;135m%[38;2;90;105;135m%[38;2;90;105;135m%[38;2;90;105;135m%[38;2;90;105;135m%[38;2;90;105;135m%[38;2;90;105;135m%[38;2;90;105;135m%[38;2;90;105;135m%[38;2;90;105;135m%[38;2;90;105;135m%[38;2;90;105;135m%[38;2;90;105;135m%[38;2;90;105;135m%[38;2;90;105;135m%[38;2;90;105;135m%[38;2;90;105;135m%[38;2;90;105;135m%[38;2;90;105;135m%[38;2;90;105;135m%[38;2;90;105;135m%[38;2;90;105;135m%[38;2;120;135;170m#[38;2;160;175;210m*[38;2;160;175;210m*[38;2;160;175;210m*[38;2;160;175;210m*[38;2;90;105;135m%[38;2;90;105;135m%[38;2;90;105;135m%[38;2;90;105;135m%[38;2;90;105;135m%[38;2;90;105;135m%[38;2;90;105;135m%[38;2;90;105;135m%[38;2;90;105;135m%[38;2;90;105;135m%[38;2;90;105;135m%[38;2;90;105;135m%[38;2;90;105;135m%[38;2;90;105;135m%[38;2;90;105;135m%[38;2;90;105;135m%[38;2;90;105;135m%[38;2;90;105;135m%[38;2;90;105;135m%[38;2;90;105;135m%[38;2;90;105;135m%[38;2;90;105;135m%[38;2;90;105;135m%[38;2;90;105;135m%[38;2;90;105;135m%[38;2;90;105;135m%[38;2;90;105;135m%[38;2;90;105;135m%[38;2;90;105;135m%[38;2;90;105;135m%       
        [38;2;40;45;55m@[38;2;40;45;55m@[38;2;40;45;55m@[38;2;40;45;55m@[38;2;40;45;55m@[38;2;40;45;55m@[38;2;40;45;55m@[38;2;40;45;55m@[38;2;40;45;55m@[38;2;40;45;55m@[38;2;40;45;55m@[38;2;40;45;55m@[38;2;40;45;55m@[38;2;40;45;55m@[38;2;40;45;55m@[38;2;40;45;55m@[38;2;40;45;55m@[38;2;40;45;55m@[38;2;40;45;55m@[38;2;40;45;55m@[38;2;40;45;55m@[38;2;40;45;55m@[38;2;90;105;135m%[38;2;90;105;135m%[38;2;90;105;135m%[38;2;90;105;135m%[38;2;90;105;135m%[38;2;90;105;135m%[38;2;90;105;135m%[38;2;90;105;135m%[38;2;90;105;135m%[38;2;90;105;135m%[38;2;90;105;135m%[38;2;90;105;135m%[38;2;90;105;135m%[38;2;90;105;135m%[38;2;90;105;135m%[38;2;90;105;135m%[38;2;90;105;135m%[38;2;90;105;135m%[38;2;90;105;135m%[38;2;90;105;135m%[38;2;90;105;135m%[38;2;90;105;135m%[38;2;90;105;135m%[38;2;90;105;135m%[38;2;90;105;135m%[38;2;90;105;135m%[38;2;120;135;170m#[38;2;160;175;210m*[38;2;160;175;210m*[38;2;200;210;240m+[38;2;160;175;210m*[38;2;120;135;170m#[38;2;90;105;135m%[38;2;90;105;135m%[38;2;90;105;135m%[38;2;90;105;135m%[38;2;120;135;170m#[38;2;120;135;170m#[38;2;120;135;170m#[38;2;120;135;170m#[38;2;120;135;170m#[38;2;120;135;170m#[38;2;120;135;170m#[38;2;120;135;170m#[38;2;120;135;170m#[38;2;120;135;170m#[38;2;120;135;170m#[38;2;120;135;170m#[38;2;90;105;135m%[38;2;90;105;135m%[38;2;90;105;135m%[38;2;90;105;135m%[38;2;90;105;135m%[38;2;90;105;135m%[38;2;90;105;135m%[38;2;90;105;135m%[38;2;90;105;135m%[38;2;90;105;135m%[38;2;90;105;135m%[38;2;90;105;135m%[38;2;90;105;135m%[38;2;90;105;135m%        
         [38;2;40;45;55m@[38;2;40;45;55m@[38;2;40;45;55m@[38;2;40;45;55m@[38;2;40;45;55m@[38;2;40;45;55m@[38;2;40;45;55m@[38;2;40;45;55m@[38;2;40;45;55m@[38;2;40;45;55m@[38;2;40;45;55m@[38;2;40;45;55m@[38;2;40;45;55m@[38;2;40;45;55m@[38;2;40;45;55m@[38;2;40;45;55m@[38;2;40;45;55m@[38;2;40;45;55m@[38;2;40;45;55m@[38;2;40;45;55m@[38;2;40;45;55m@[38;2;40;45;55m@[38;2;90;105;135m%[38;2;90;105;135m%[38;2;90;105;135m%[38;2;90;105;135m%[38;2;90;105;135m%[38;2;90;105;135m%[38;2;90;105;135m%[38;2;90;105;135m%[38;2;90;105;135m%[38;2;90;105;135m%[38;2;90;105;135m%[38;2;90;105;135m%[38;2;90;105;135m%[38;2;90;105;135m%[38;2;90;105;135m%[38;2;90;105;135m%[38;2;90;105;135m%[38;2;90;105;135m%[38;2;90;105;135m%[38;2;90;105;135m%[38;2;90;105;135m%[38;2;90;105;135m%[38;2;90;105;135m%[38;2;90;105;135m%[38;2;90;105;135m%[38;2;90;105;135m%[38;2;120;135;170m#[38;2;160;175;210m*[38;2;120;135;170m#[38;2;90;105;135m%[38;2;90;105;135m%[38;2;90;105;135m%[38;2;90;105;135m%[38;2;90;105;135m%[38;2;90;105;135m%[38;2;120;135;170m#[38;2;160;175;210m*[38;2;160;175;210m*[38;2;160;175;210m*[38;2;160;175;210m*[38;2;160;175;210m*[38;2;160;175;210m*[38;2;160;175;210m*[38;2;160;175;210m*[38;2;160;175;210m*[38;2;160;175;210m*[38;2;120;135;170m#[38;2;90;105;135m%[38;2;90;105;135m%[38;2;90;105;135m%[38;2;90;105;135m%[38;2;90;105;135m%[38;2;90;105;135m%[38;2;90;105;135m%[38;2;90;105;135m%[38;2;90;105;135m%[38;2;90;105;135m%[38;2;90;105;135m%[38;2;90;105;135m%[38;2;90;105;135m%         
          [38;2;40;45;55m@[38;2;40;45;55m@[38;2;40;45;55m@[38;2;40;45;55m@[38;2;40;45;55m@[38;2;40;45;55m@[38;2;40;45;55m@[38;2;40;45;55m@[38;2;40;45;55m@[38;2;40;45;55m@[38;2;40;45;55m@[38;2;40;45;55m@[38;2;40;45;55m@[38;2;40;45;55m@[38;2;40;45;55m@[38;2;40;45;55m@[38;2;40;45;55m@[38;2;40;45;55m@[38;2;40;45;55m@[38;2;40;45;55m@[38;2;40;45;55m@[38;2;40;45;55m@[38;2;40;45;55m@[38;2;90;105;135m%[38;2;90;105;135m%[38;2;90;105;135m%[38;2;90;105;135m%[38;2;90;105;135m%[38;2;90;105;135m%[38;2;90;105;135m%[38;2;90;105;135m%[38;2;90;105;135m%[38;2;90;105;135m%[38;2;90;105;135m%[38;2;90;105;135m%[38;2;90;105;135m%[38;2;90;105;135m%[38;2;90;105;135m%[38;2;90;105;135m%[38;2;90;105;135m%[38;2;90;105;135m%[38;2;90;105;135m%[38;2;90;105;135m%[38;2;90;105;135m%[38;2;90;105;135m%[38;2;90;105;135m%[38;2;90;105;135m%[38;2;90;105;135m%[38;2;90;105;135m%[38;2;90;105;135m%[38;2;90;105;135m%[38;2;90;105;135m%[38;2;90;105;135m%[38;2;90;105;135m%[38;2;90;105;135m%[38;2;90;105;135m%[38;2;90;105;135m%[38;2;90;105;135m%[38;2;90;105;135m%[38;2;90;105;135m%[38;2;90;105;135m%[38;2;90;105;135m%[38;2;90;105;135m%[38;2;90;105;135m%[38;2;90;105;135m%[38;2;90;105;135m%[38;2;90;105;135m%[38;2;90;105;135m%[38;2;90;105;135m%[38;2;90;105;135m%[38;2;90;105;135m%[38;2;90;105;135m%[38;2;90;105;135m%[38;2;90;105;135m%[38;2;90;105;135m%[38;2;90;105;135m%[38;2;90;105;135m%[38;2;90;105;135m%[38;2;90;105;135m% [38;2;40;45;55m@[38;2;90;105;135m%        
            [38;2;40;45;55m@[38;2;40;45;55m@[38;2;40;45;55m@[38;2;40;45;55m@[38;2;40;45;55m@[38;2;40;45;55m@[38;2;40;45;55m@[38;2;40;45;55m@[38;2;40;45;55m@[38;2;40;45;55m@[38;2;40;45;55m@[38;2;40;45;55m@[38;2;40;45;55m@[38;2;40;45;55m@[38;2;40;45;55m@[38;2;40;45;55m@[38;2;40;45;55m@[38;2;40;45;55m@[38;2;40;45;55m@[38;2;40;45;55m@[38;2;40;45;55m@[38;2;40;45;55m@[38;2;40;45;55m@[38;2;90;105;135m%[38;2;90;105;135m%[38;2;90;105;135m%[38;2;90;105;135m%[38;2;90;105;135m%[38;2;90;105;135m%[38;2;90;105;135m%[38;2;90;105;135m%[38;2;90;105;135m%[38;2;90;105;135m%[38;2;90;105;135m%[38;2;90;105;135m%[38;2;90;105;135m%[38;2;90;105;135m%[38;2;90;105;135m%[38;2;90;105;135m%[38;2;90;105;135m%[38;2;90;105;135m%[38;2;90;105;135m%[38;2;90;105;135m%[38;2;90;105;135m%[38;2;90;105;135m%[38;2;90;105;135m%[38;2;90;105;135m%[38;2;90;105;135m%[38;2;90;105;135m%[38;2;90;105;135m%[38;2;90;105;135m%[38;2;90;105;135m%[38;2;90;105;135m%[38;2;90;105;135m%[38;2;90;105;135m%[38;2;90;105;135m%[38;2;90;105;135m%[38;2;90;105;135m%[38;2;90;105;135m%[38;2;90;105;135m%[38;2;90;105;135m%[38;2;90;105;135m%[38;2;90;105;135m%[38;2;90;105;135m%[38;2;90;105;135m%[38;2;90;105;135m%[38;2;90;105;135m%[38;2;90;105;135m%[38;2;90;105;135m%[38;2;90;105;135m%[38;2;90;105;135m%[38;2;90;105;135m%[38;2;90;105;135m%[38;2;90;105;135m%[38;2;90;105;135m% [38;2;90;105;135m%[38;2;40;45;55m@[38;2;40;45;55m@         
             [38;2;40;45;55m@[38;2;40;45;55m@[38;2;40;45;55m@[38;2;40;45;55m@[38;2;40;45;55m@[38;2;40;45;55m@[38;2;40;45;55m@[38;2;40;45;55m@[38;2;40;45;55m@[38;2;40;45;55m@[38;2;40;45;55m@[38;2;40;45;55m@[38;2;40;45;55m@[38;2;40;45;55m@[38;2;40;45;55m@[38;2;40;45;55m@[38;2;40;45;55m@[38;2;40;45;55m@[38;2;40;45;55m@[38;2;40;45;55m@[38;2;40;45;55m@[38;2;40;45;55m@[38;2;40;45;55m@[38;2;40;45;55m@[38;2;90;105;135m%[38;2;90;105;135m%[38;2;90;105;135m%[38;2;90;105;135m%[38;2;90;105;135m%[38;2;90;105;135m%[38;2;90;105;135m%[38;2;90;105;135m%[38;2;90;105;135m%[38;2;90;105;135m%[38;2;90;105;135m%[38;2;90;105;135m%[38;2;90;105;135m%[38;2;90;105;135m%[38;2;90;105;135m%[38;2;90;105;135m%[38;2;90;105;135m%[38;2;90;105;135m%[38;2;90;105;135m%[38;2;90;105;135m%[38;2;90;105;135m%[38;2;90;105;135m%[38;2;90;105;135m%[38;2;90;105;135m%[38;2;90;105;135m%[38;2;90;105;135m%[38;2;90;105;135m%[38;2;90;105;135m%[38;2;90;105;135m%[38;2;90;105;135m%[38;2;90;105;135m%[38;2;90;105;135m%[38;2;90;105;135m%[38;2;90;105;135m%[38;2;90;105;135m%[38;2;90;105;135m%[38;2;90;105;135m%[38;2;90;105;135m%[38;2;90;105;135m%[38;2;90;105;135m%[38;2;90;105;135m%[38;2;90;105;135m%[38;2;90;105;135m%[38;2;90;105;135m%[38;2;90;105;135m%[38;2;90;105;135m%[38;2;90;105;135m%[38;2;90;105;135m% [38;2;40;45;55m@[38;2;40;45;55m@[38;2;40;45;55m@           
               [38;2;40;45;55m@[38;2;40;45;55m@[38;2;40;45;55m@[38;2;40;45;55m@[38;2;40;45;55m@[38;2;40;45;55m@[38;2;40;45;55m@[38;2;40;45;55m@[38;2;40;45;55m@[38;2;40;45;55m@[38;2;40;45;55m@[38;2;40;45;55m@[38;2;40;45;55m@[38;2;40;45;55m@[38;2;40;45;55m@[38;2;40;45;55m@[38;2;40;45;55m@[38;2;40;45;55m@[38;2;40;45;55m@[38;2;40;45;55m@[38;2;40;45;55m@[38;2;40;45;55m@[38;2;40;45;55m@[38;2;40;45;55m@[38;2;90;105;135m%[38;2;90;105;135m%[38;2;90;105;135m%[38;2;90;105;135m%[38;2;90;105;135m%[38;2;90;105;135m%[38;2;90;105;135m%[38;2;90;105;135m%[38;2;90;105;135m%[38;2;90;105;135m%[38;2;90;105;135m%[38;2;90;105;135m%[38;2;90;105;135m%[38;2;90;105;135m%[38;2;90;105;135m%[38;2;90;105;135m%[38;2;90;105;135m%[38;2;90;105;135m%[38;2;90;105;135m%[38;2;90;105;135m%[38;2;90;105;135m%[38;2;90;105;135m%[38;2;90;105;135m%[38;2;90;105;135m%[38;2;90;105;135m%[38;2;90;105;135m%[38;2;90;105;135m%[38;2;90;105;135m%[38;2;90;105;135m%[38;2;90;105;135m%[38;2;90;105;135m%[38;2;90;105;135m%[38;2;90;105;135m%[38;2;90;105;135m%[38;2;90;105;135m%[38;2;90;105;135m%[38;2;90;105;135m%[38;2;90;105;135m%[38;2;90;105;135m%[38;2;90;105;135m%[38;2;90;105;135m%[38;2;90;105;135m%[38;2;90;105;135m%[38;2;90;105;135m%[38;2;90;105;135m%[38;2;40;45;55m@[38;2;40;45;55m@[38;2;40;45;55m@             
                 [38;2;40;45;55m@[38;2;40;45;55m@[38;2;40;45;55m@[38;2;40;45;55m@[38;2;40;45;55m@[38;2;40;45;55m@[38;2;40;45;55m@[38;2;40;45;55m@[38;2;40;45;55m@[38;2;40;45;55m@[38;2;40;45;55m@[38;2;40;45;55m@[38;2;40;45;55m@[38;2;40;45;55m@[38;2;40;45;55m@[38;2;40;45;55m@[38;2;40;45;55m@[38;2;40;45;55m@[38;2;40;45;55m@[38;2;40;45;55m@[38;2;40;45;55m@[38;2;40;45;55m@[38;2;40;45;55m@[38;2;40;45;55m@[38;2;40;45;55m@[38;2;40;45;55m@[38;2;90;105;135m%[38;2;90;105;135m%[38;2;90;105;135m%[38;2;90;105;135m%[38;2;90;105;135m%[38;2;90;105;135m%[38;2;90;105;135m%[38;2;90;105;135m%[38;2;90;105;135m%[38;2;90;105;135m%[38;2;90;105;135m%[38;2;90;105;135m%[38;2;90;105;135m%[38;2;90;105;135m%[38;2;90;105;135m%[38;2;90;105;135m%[38;2;90;105;135m%[38;2;90;105;135m%[38;2;90;105;135m%[38;2;90;105;135m%[38;2;90;105;135m%[38;2;90;105;135m%[38;2;90;105;135m%[38;2;90;105;135m%[38;2;90;105;135m%[38;2;90;105;135m%[38;2;90;105;135m%[38;2;90;105;135m%[38;2;90;105;135m%[38;2;90;105;135m%[38;2;90;105;135m%[38;2;90;105;135m%[38;2;90;105;135m%[38;2;90;105;135m%[38;2;90;105;135m%[38;2;90;105;135m%[38;2;90;105;135m%[38;2;90;105;135m%[38;2;40;45;55m@[38;2;40;45;55m@[38;2;40;45;55m@[38;2;40;45;55m@               
                    [38;2;40;45;55m@[38;2;40;45;55m@[38;2;40;45;55m@[38;2;40;45;55m@[38;2;40;45;55m@[38;2;40;45;55m@[38;2;40;45;55m@[38;2;40;45;55m@[38;2;40;45;55m@[38;2;40;45;55m@[38;2;40;45;55m@[38;2;40;45;55m@[38;2;40;45;55m@[38;2;40;45;55m@[38;2;40;45;55m@[38;2;40;45;55m@[38;2;40;45;55m@[38;2;40;45;55m@[38;2;40;45;55m@[38;2;40;45;55m@[38;2;40;45;55m@[38;2;40;45;55m@[38;2;40;45;55m@[38;2;40;45;55m@[38;2;40;45;55m@[38;2;40;45;55m@[38;2;40;45;55m@[38;2;90;105;135m%[38;2;90;105;135m%[38;2;90;105;135m%[38;2;90;105;135m%[38;2;90;105;135m%[38;2;90;105;135m%[38;2;90;105;135m%[38;2;90;105;135m%[38;2;90;105;135m%[38;2;90;105;135m%[38;2;90;105;135m%[38;2;90;105;135m%[38;2;90;105;135m%[38;2;90;105;135m%[38;2;90;105;135m%[38;2;90;105;135m%[38;2;90;105;135m%[38;2;90;105;135m%[38;2;90;105;135m%[38;2;90;105;135m%[38;2;90;105;135m%[38;2;90;105;135m%[38;2;90;105;135m%[38;2;90;105;135m%[38;2;90;105;135m%[38;2;90;105;135m%[38;2;90;105;135m%[38;2;90;105;135m%[38;2;90;105;135m%[38;2;90;105;135m%[38;2;40;45;55m@[38;2;40;45;55m@[38;2;40;45;55m@[38;2;40;45;55m@[38;2;40;45;55m@[38;2;40;45;55m@                 
                      [38;2;40;45;55m@[38;2;40;45;55m@[38;2;40;45;55m@[38;2;40;45;55m@[38;2;40;45;55m@[38;2;40;45;55m@[38;2;40;45;55m@[38;2;40;45;55m@[38;2;40;45;55m@[38;2;40;45;55m@[38;2;40;45;55m@[38;2;40;45;55m@[38;2;40;45;55m@[38;2;40;45;55m@[38;2;40;45;55m@[38;2;40;45;55m@[38;2;40;45;55m@[38;2;40;45;55m@[38;2;40;45;55m@[38;2;40;45;55m@[38;2;40;45;55m@[38;2;40;45;55m@[38;2;40;45;55m@[38;2;40;45;55m@[38;2;40;45;55m@[38;2;40;45;55m@[38;2;40;45;55m@[38;2;40;45;55m@[38;2;40;45;55m@[38;2;40;45;55m@[38;2;40;45;55m@[38;2;90;105;135m%[38;2;90;105;135m%[38;2;90;105;135m%[38;2;90;105;135m%[38;2;90;105;135m%[38;2;90;105;135m%[38;2;90;105;135m%[38;2;90;105;135m%[38;2;90;105;135m%[38;2;90;105;135m%[38;2;90;105;135m%[38;2;90;105;135m%[38;2;90;105;135m%[38;2;90;105;135m%[38;2;90;105;135m%[38;2;90;105;135m%[38;2;90;105;135m%[38;2;90;105;135m%[38;2;90;105;135m%[38;2;90;105;135m%[38;2;40;45;55m@[38;2;40;45;55m@[38;2;40;45;55m@[38;2;40;45;55m@[38;2;40;45;55m@[38;2;40;45;55m@[38;2;40;45;55m@                    
                         [38;2;40;45;55m@[38;2;40;45;55m@[38;2;40;45;55m@[38;2;40;45;55m@[38;2;40;45;55m@[38;2;40;45;55m@[38;2;40;45;55m@[38;2;40;45;55m@[38;2;40;45;55m@[38;2;40;45;55m@[38;2;40;45;55m@[38;2;40;45;55m@[38;2;40;45;55m@[38;2;40;45;55m@[38;2;40;45;55m@[38;2;40;45;55m@[38;2;40;45;55m@[38;2;40;45;55m@[38;2;40;45;55m@[38;2;40;45;55m@[38;2;40;45;55m@[38;2;40;45;55m@[38;2;40;45;55m@[38;2;40;45;55m@[38;2;40;45;55m@[38;2;40;45;55m@[38;2;40;45;55m@[38;2;40;45;55m@[38;2;40;45;55m@[38;2;40;45;55m@[38;2;40;45;55m@[38;2;40;45;55m@[38;2;40;45;55m@[38;2;40;45;55m@[38;2;40;45;55m@[38;2;40;45;55m@[38;2;40;45;55m@[38;2;40;45;55m@[38;2;40;45;55m@[38;2;40;45;55m@[38;2;40;45;55m@[38;2;40;45;55m@[38;2;40;45;55m@[38;2;40;45;55m@[38;2;40;45;55m@[38;2;40;45;55m@[38;2;40;45;55m@[38;2;40;45;55m@[38;2;40;45;55m@[38;2;40;45;55m@[38;2;40;45;55m@[38;2;40;45;55m@                       
                            [38;2;40;45;55m@[38;2;40;45;55m@[38;2;40;45;55m@[38;2;40;45;55m@[38;2;40;45;55m@[38;2;40;45;55m@[38;2;40;45;55m@[38;2;40;45;55m@[38;2;40;45;55m@[38;2;40;45;55m@[38;2;40;45;55m@[38;2;40;45;55m@[38;2;40;45;55m@[38;2;40;45;55m@[38;2;40;45;55m@[38;2;40;45;55m@[38;2;40;45;55m@[38;2;40;45;55m@[38;2;40;45;55m@[38;2;40;45;55m@[38;2;40;45;55m@[38;2;40;45;55m@[38;2;40;45;55m@[38;2;40;45;55m@[38;2;40;45;55m@[38;2;40;45;55m@[38;2;40;45;55m@[38;2;40;45;55m@[38;2;40;45;55m@[38;2;40;45;55m@[38;2;40;45;55m@[38;2;40;45;55m@[38;2;40;45;55m@[38;2;40;45;55m@[38;2;40;45;55m@[38;2;40;45;55m@[38;2;40;45;55m@[38;2;40;45;55m@[38;2;40;45;55m@[38;2;40;45;55m@[38;2;40;45;55m@[38;2;40;45;55m@[38;2;40;45;55m@[38;2;40;45;55m@[38;2;40;45;55m@[38;2;40;45;55m@                          
                                [38;2;40;45;55m@[38;2;40;45;55m@[38;2;40;45;55m@[38;2;40;45;55m@[38;2;40;45;55m@[38;2;40;45;55m@[38;2;40;45;55m@[38;2;40;45;55m@[38;2;40;45;55m@[38;2;40;45;55m@[38;2;40;45;55m@[38;2;40;45;55m@[38;2;40;45;55m@[38;2;40;45;55m@[38;2;40;45;55m@[38;2;40;45;55m@[38;2;40;45;55m@[38;2;40;45;55m@[38;2;40;45;55m@[38;2;40;45;55m@[38;2;40;45;55m@[38;2;40;45;55m@[38;2;40;45;55m@[38;2;40;45;55m@[38;2;40;45;55m@[38;2;40;45;55m@[38;2;40;45;55m@[38;2;40;45;55m@[38;2;40;45;55m@[38;2;40;45;55m@[38;2;40;45;55m@[38;2;40;45;55m@[38;2;40;45;55m@[38;2;40;45;55m@[38;2;40;45;55m@[38;2;40;45;55m@[38;2;40;45;55m@[38;2;40;45;55m@                              
                                      [38;2;40;45;55m@[38;2;40;45;55m@[38;2;40;45;55m@[38;2;40;45;55m@[38;2;40;45;55m@[38;2;40;45;55m@[38;2;40;45;55m@[38;2;40;45;55m@[38;2;40;45;55m@[38;2;40;45;55m@[38;2;40;45;55m@[38;2;40;45;55m@[38;2;40;45;55m@[38;2;40;45;55m@[38;2;40;45;55m@[38;2;40;45;55m@[38;2;40;45;55m@[38;2;40;45;55m@[38;2;40;45;55m@[38;2;40;45;55m@[38;2;40;45;55m@[38;2;40;45;55m@[38;2;40;45;55m@[38;2;40;45;55m@[38;2;40;45;55m@[38;2;40;45;55m@[38;2;40;45;55m@                                   
